#OTU ID	M_Mut403_10	M_Mut407_10	M_Mut408_10	M_Mut428_10	M_Mut449_10	M_Mut452_10	M_Mut461_10	M_Mut465_10	M_Mut466_10	M_Mut472_10	M_Mut489_10	M_Mut509_10	M_Mut510_10	M_Mut528_10	M_Mut535_10	M_Mut536_10	M_Mut547_10	M_Mut548_10	M_Mut553_10	M_Mut578_10	M_Mut403_CC	M_Mut403_CL	M_Mut407_CC	M_Mut407_CL	M_Mut408_CC	M_Mut408_CL	M_Mut428_CC	M_Mut428_CL	M_Mut449_CC	M_Mut449_CL	M_Mut452_CC	M_Mut452_CL	M_Mut461_CC	M_Mut461_CL	M_Mut465_CC	M_Mut465_CL	M_Mut466_CC	M_Mut466_CL	M_Mut472_CC	M_Mut472_CL	M_Mut489_CC	M_Mut489_CL	M_Mut509_CC	M_Mut509_CL	M_Mut510_CC	M_Mut510_CL	M_Mut528_CC	M_Mut528_CL	M_Mut535_CC	M_Mut535_CL	M_Mut536_CC	M_Mut536_CL	M_Mut547_CC	M_Mut547_CL	M_Mut548_CC	M_Mut548_CL	M_Mut553_CC	M_Mut553_CL	M_Mut578_CC	M_Mut578_CL	M_Mut403_DC	M_Mut403_DL	M_Mut407_DC	M_Mut407_DL	M_Mut408_DC	M_Mut408_DL	M_Mut428_DC	M_Mut428_DL	M_Mut449_DC	M_Mut449_DL	M_Mut452_DC	M_Mut452_DL	M_Mut461_DC	M_Mut461_DL	M_Mut465_DC	M_Mut465_DL	M_Mut466_DC	M_Mut466_DL	M_Mut472_DC	M_Mut472_DL	M_Mut489_DC	M_Mut489_DL	M_Mut509_DC	M_Mut509_DL	M_Mut510_DC	M_Mut510_DL	M_Mut528_DC	M_Mut528_DL	M_Mut535_DC	M_Mut535_DL	M_Mut536_DC	M_Mut536_DL	M_Mut547_DC	M_Mut547_DL	M_Mut548_DC	M_Mut548_DL	M_Mut553_DC	M_Mut553_DL	M_Mut578_DC	M_Mut578_DL	M_Mut403_IC	M_Mut403_IL	M_Mut407_IC	M_Mut407_IL	M_Mut408_IC	M_Mut408_IL	M_Mut428_IC	M_Mut428_IL	M_Mut449_IC	M_Mut449_IL	M_Mut452_IC	M_Mut452_IL	M_Mut461_IC	M_Mut461_IL	M_Mut465_IC	M_Mut465_IL	M_Mut466_IC	M_Mut466_IL	M_Mut472_IC	M_Mut472_IL	M_Mut489_IC	M_Mut489_IL	M_Mut509_IC	M_Mut509_IL	M_Mut510_IC	M_Mut510_IL	M_Mut528_IC	M_Mut528_IL	M_Mut535_IC	M_Mut535_IL	M_Mut536_IC	M_Mut536_IL	M_Mut547_IC	M_Mut547_IL	M_Mut548_IC	M_Mut548_IL	M_Mut553_IC	M_Mut553_IL	M_Mut578_IC	M_Mut578_IL
249956abc9a2b00cf369b0b5cc0ffecd	0	0	0	0	0	0	0	0	0	0	0	0	0	0	0	0	0	0	0	0	0	0	0	0	0	0	0	0	0	0	0	0	0	0	0	0	0	0	0	0	0	0	0	0	0	0	0	0	0	0	0	0	0	0	0	0	0	0	0	0	23	0	0	3	24	2	0	0	0	0	10	0	49	0	26	0	0	0	0	0	0	0	0	0	148	0	0	0	0	0	0	0	0	0	0	0	0	0	0	0	0	6	0	0	3	0	4	0	0	0	0	3	9	0	19	0	0	0	0	0	0	0	5	0	25	0	0	0	0	5	4	0	5	0	0	0	0	0	10	4
220489abfe67f6c5468257fbfe8da245	33	27	22	27	60	15	40	42	22	0	26	0	37	27	41	44	48	63	48	21	49	24	79	29	19	17	36	0	70	24	47	0	20	0	0	0	0	25	41	0	32	0	50	44	69	0	73	0	52	15	27	96	50	15	45	65	35	24	45	23	757	18	0	12	57	0	173	0	26	0	99	0	0	0	205	0	224	0	37	0	195	0	75	0	80	6	181	0	209	0	35	25	57	31	207	0	124	0	0	0	395	103	207	46	13	29	318	0	27	0	66	125	0	0	270	85	320	74	121	17	674	759	562	137	323	0	136	77	140	57	227	62	29	107	291	82	182	12	84	27
60de440009ba631a5d5a70441994ad33	140	59	67	78	79	42	256	157	89	45	72	20	108	107	111	49	196	123	103	68	142	45	159	82	49	37	95	36	123	39	214	75	65	66	78	39	81	53	83	57	76	68	61	72	148	22	160	33	78	30	43	142	104	34	46	92	52	53	105	65	1204	0	26	34	22	16	530	18	103	13	579	16	30	0	724	21	170	0	38	22	680	57	132	0	436	0	355	96	45	7	59	0	112	50	134	15	233	16	35	0	1175	276	331	71	85	82	963	21	60	51	255	494	38	20	1035	292	815	131	410	56	2144	900	1208	74	977	76	534	138	129	63	334	342	59	153	355	165	334	33	176	42
e920aec39d0ec8b823fb4b5b26a71b57	0	0	0	0	14	0	10	0	0	0	0	0	8	0	0	0	0	0	0	0	0	0	16	13	0	0	0	8	0	0	22	5	0	5	6	0	0	0	0	0	0	0	0	0	0	0	15	0	0	0	0	0	0	0	0	14	0	0	10	0	131	0	0	7	0	0	49	0	0	0	57	0	0	0	47	0	25	0	44	0	0	0	0	0	56	0	32	0	0	0	0	0	0	0	19	0	35	0	0	0	73	29	52	29	0	0	56	0	0	0	0	16	0	0	85	19	60	12	20	0	114	58	70	0	59	0	0	12	13	0	24	0	0	28	37	52	17	17	10	0
378d2f759615631ec0dcb302a7203e86	11	0	0	2	4	0	0	8	0	3	12	0	5	0	0	0	3	0	0	0	43	11	16	9	0	0	0	3	3	0	8	4	0	0	5	4	0	0	3	0	12	10	5	11	7	0	0	0	0	0	0	2	0	0	0	0	0	0	4	0	505	0	0	12	0	0	58	0	0	0	0	0	0	0	131	14	0	0	0	0	117	0	0	0	0	0	16	0	14	0	0	0	5	0	0	0	4	0	0	0	162	28	18	22	0	3	47	5	0	0	6	3	0	0	63	23	5	3	5	5	143	207	54	0	10	11	0	0	2	0	9	0	2	8	11	0	4	0	4	0
61ee083dd3bea539756859015c1c40e5	57	29	3	63	109	38	6	115	28	0	2	6	80	45	4	88	73	46	50	22	153	66	90	62	0	10	89	78	160	106	514	80	5	8	122	71	107	110	6	0	0	0	143	107	139	47	173	25	24	5	174	261	362	67	199	161	172	80	39	40	4802	0	0	80	0	52	1338	3	178	0	2204	25	0	5	3093	59	2041	0	0	27	0	0	1032	0	519	13	827	84	9	7	664	37	608	7	921	36	1156	75	68	141	1203	309	295	127	6	48	500	87	102	63	264	646	17	6	1187	636	628	206	14	17	10	19	696	71	475	43	188	144	20	29	790	363	178	320	622	235	1015	36	91	52
8668df7469b7ab0b7823b11be8c21ad2	0	7	0	0	5	0	15	0	0	0	0	0	0	0	21	0	5	0	7	5	0	0	11	0	9	0	0	0	8	0	0	0	17	0	0	0	0	0	10	0	0	0	0	0	0	0	10	0	17	12	0	0	0	0	0	0	0	0	22	13	72	0	0	0	0	0	8	0	4	0	0	0	0	0	43	0	0	0	0	0	0	0	12	0	10	0	8	0	0	0	0	0	0	0	13	0	0	0	0	0	17	0	22	19	0	0	0	0	8	17	0	0	0	0	32	7	11	0	33	29	31	0	31	0	11	0	0	0	31	17	0	0	0	0	11	0	0	0	29	12
a6bd10e64701aefb0e95e885e1e03dc7	8	0	0	6	0	0	0	0	0	9	0	0	17	8	0	7	0	0	0	0	10	0	6	13	0	0	19	9	0	0	0	0	0	0	0	0	0	0	5	17	0	0	19	11	23	0	0	0	0	0	0	0	11	0	4	8	5	6	13	13	92	0	0	8	0	0	152	0	0	0	13	0	0	0	10	0	0	0	9	0	5	0	0	0	81	0	6	0	0	0	9	0	0	0	0	0	17	0	0	0	76	14	36	0	11	0	119	9	0	0	0	8	0	0	15	0	14	0	13	8	11	15	65	9	74	0	11	11	0	0	28	17	0	41	21	46	28	0	39	0
0ebff951367c8655ca7579ce3bc3d983	344	218	370	109	2440	649	508	439	859	119	277	129	671	388	364	334	470	454	419	533	857	327	739	839	220	380	347	304	1833	1467	52	1273	340	157	482	497	725	381	372	227	271	347	1147	860	2448	975	494	212	807	160	1507	2665	1549	362	362	621	676	284	925	484	0	0	60	0	0	47	0	0	0	140	0	0	0	0	0	0	0	4	0	0	0	0	0	0	0	0	0	11	0	0	0	0	0	0	0	0	0	0	0	0	0	12	0	7	0	28	4	0	0	39	1993	69	10	0	5	0	13	159	5	21	0	7	0	0	6	28	0	0	0	17	0	4	0	4	0	4	0	20	0	0
4d65579d390257cdb0d61d5ef5719a00	159	166	357	112	584	172	490	248	188	322	71	0	174	324	160	77	261	627	314	182	390	162	712	866	247	447	470	430	480	381	0	353	388	171	283	270	198	125	1258	755	174	195	480	363	696	270	497	210	322	63	384	746	997	238	696	957	487	206	301	184	0	0	0	0	0	0	6	36	0	0	0	0	0	0	0	0	0	0	0	0	0	0	0	0	0	0	0	0	0	151	0	0	0	0	0	0	0	0	0	0	0	0	0	0	0	0	0	0	0	0	496	0	0	0	0	0	0	0	0	0	0	0	0	0	0	0	0	34	0	0	0	0	0	0	0	0	0	0	0	0
2c73d747db85aef442c1e09b444690de	297	685	552	223	1212	1219	1872	614	1265	439	1032	102	638	841	447	229	195	204	613	799	2221	955	1721	2646	579	1057	1355	1055	1504	1453	37	2157	1976	835	1070	798	1558	891	1653	899	1111	1226	1615	1297	2136	955	945	541	829	208	1207	2077	762	226	197	255	900	408	1529	815	0	0	0	0	0	31	13	98	3	240	0	2	0	0	0	0	0	0	0	0	0	57	0	7	0	6	0	93	0	0	0	0	0	0	0	0	0	22	0	0	20	74	6	0	0	20	6	18	0	0	1996	50	9	12	0	12	14	271	0	26	7	8	0	18	0	0	4	21	6	14	0	15	0	0	6	0	6	17	0	0
c67124a3106cce93d7818425aec1fd91	0	0	0	0	0	0	0	0	0	0	0	0	0	0	0	0	242	69	105	0	0	0	0	0	0	0	0	0	0	0	0	0	0	0	0	0	0	0	0	0	0	0	0	0	0	0	0	0	0	0	0	0	1367	342	83	111	195	106	0	0	0	0	0	0	0	0	0	0	0	0	0	0	0	0	0	0	0	0	0	0	0	0	0	0	0	0	0	0	0	0	0	0	0	0	0	0	0	0	0	0	0	0	0	0	0	0	0	0	0	0	0	0	0	0	0	0	0	0	0	0	0	0	0	0	0	29	0	0	0	0	0	0	0	0	0	0	0	0	0	0
83c2bf2a737e15852ade1c904499de4d	0	0	3	0	0	0	0	0	0	0	0	65	579	0	0	0	237	822	0	2	6	5	0	0	2	8	6	0	4	6	11	0	5	0	0	2	3	5	12	2	0	0	797	969	1351	1672	0	5	0	0	0	13	44	25	1002	1798	0	4	0	0	0	0	0	0	0	0	0	0	0	67	0	0	0	0	0	0	0	0	0	0	0	0	0	0	0	0	0	0	0	0	0	0	0	0	0	28	0	0	0	0	0	0	0	0	0	0	0	0	0	7	0	0	0	0	0	0	0	0	0	0	0	0	0	0	2	0	0	0	0	0	0	29	0	0	0	19	0	0	0	0
836d6c23a03d353068b8aeb95e9911d4	49	51	94	0	93	45	166	136	65	56	66	0	0	77	89	38	66	106	65	80	120	38	124	126	57	73	123	90	117	58	0	60	138	62	115	109	55	0	242	99	68	80	128	87	92	0	145	42	171	0	94	145	174	0	96	105	65	34	139	48	454	0	42	0	80	0	443	0	64	0	633	0	0	0	553	0	325	0	0	0	579	110	385	0	52	0	241	0	286	0	134	33	158	0	330	0	269	0	62	0	0	127	93	0	0	56	0	154	0	185	123	202	0	0	0	566	58	116	0	144	0	412	105	89	0	13	17	163	98	0	0	91	9	243	0	66	0	44	0	0
8d9aee06bde55b408e64fc847d265d8a	88	160	281	136	268	122	447	401	143	159	140	79	136	206	271	85	167	308	168	211	335	111	361	334	168	172	366	279	271	178	128	138	323	149	317	251	203	145	571	290	193	211	362	243	272	91	388	67	391	104	247	349	472	125	251	287	157	105	424	144	1356	61	224	28	318	40	1136	70	298	26	1513	0	63	8	1430	42	820	22	259	11	1728	356	864	8	302	12	834	340	337	13	298	51	508	226	988	61	767	98	95	36	29	201	284	206	161	51	65	301	51	290	349	471	0	0	23	1189	125	232	53	412	117	1285	318	75	28	0	0	300	150	64	79	232	0	662	122	331	54	154	78	128
91894bef05b812de83ca8befd8a7d86e	288	509	772	282	1336	450	942	663	376	535	468	232	375	814	773	352	482	765	888	781	1177	325	896	1038	598	718	1011	578	612	382	232	265	285	119	669	428	614	363	1834	892	838	486	1745	1384	1087	256	1235	437	1301	327	794	1407	1667	353	1129	837	1130	530	1191	535	1927	11	22	21	47	20	2855	56	263	65	402	7	0	16	2695	34	982	6	697	22	905	17	1087	0	259	0	1585	173	24	17	594	302	694	47	593	0	723	88	124	200	92	271	676	523	77	53	66	798	57	150	460	687	15	29	15	1507	213	473	106	717	111	2096	983	778	144	49	60	1090	281	323	335	702	47	1506	374	348	167	1235	290	127
ff0d81cdef4146613597097a5b642ea2	0	111	57	0	0	0	66	0	0	35	92	0	0	39	43	37	0	65	70	48	98	0	121	154	50	58	60	41	0	0	40	0	60	0	0	0	47	0	112	62	71	42	155	135	0	0	62	0	83	0	74	124	111	0	101	56	88	0	71	0	621	0	0	0	88	17	585	0	0	13	517	0	86	0	0	0	391	0	127	0	598	0	890	0	0	0	263	0	250	0	137	128	187	53	330	0	385	79	0	0	0	0	693	544	65	0	62	174	0	0	70	315	0	0	0	0	0	78	0	101	55	795	229	240	0	0	0	0	68	0	44	113	0	292	59	71	0	254	0	0
4997cd54d26bdc0cfa16ee25e0539c47	240	201	362	263	455	342	836	549	257	317	605	126	444	753	570	420	181	523	562	414	635	171	501	549	354	429	934	543	584	492	802	427	1126	362	489	483	418	186	966	408	752	657	859	622	1164	387	1603	449	1475	213	1153	1350	804	162	485	532	751	267	716	332	2039	33	68	37	124	60	2771	57	580	43	2678	36	372	14	3301	32	2511	4	140	31	4022	385	1689	0	393	11	2687	286	44	17	1072	112	829	26	1219	21	1110	121	330	54	202	507	400	81	30	111	893	675	123	217	789	1626	14	16	535	2012	428	322	255	278	1029	4267	707	457	218	120	321	1132	207	216	542	1047	117	1443	456	294	829	951	716	76
71ee056f6f568aaa648b0b008338a85b	162	487	199	147	450	167	445	227	277	108	318	88	138	116	123	169	160	219	207	187	601	189	953	811	306	339	326	217	744	357	554	249	709	243	190	158	447	265	420	179	385	208	627	467	496	124	261	54	363	90	412	322	632	115	262	230	347	174	414	173	1738	0	36	86	205	0	4244	36	554	116	3478	40	5	14	1975	85	3135	0	157	21	1921	0	1137	55	193	29	676	166	542	0	481	65	422	168	440	0	997	108	136	182	530	360	5137	1378	274	197	2462	413	253	444	690	1534	0	14	30	977	911	583	283	619	579	2933	1157	649	189	143	63	249	270	171	433	491	93	866	468	270	841	935	355	158
7ba2c422867126928cd558a5c3d179d9	14	44	63	18	100	44	67	0	42	33	53	25	14	51	59	30	146	81	59	0	176	28	149	173	58	92	123	92	123	86	102	87	71	59	0	0	74	44	166	103	106	78	140	102	88	25	71	29	173	40	90	143	286	58	194	112	153	60	0	7	216	0	0	0	22	0	387	0	58	11	340	0	0	0	0	0	150	0	81	0	360	0	192	0	0	0	189	13	154	0	113	0	178	93	195	0	203	7	0	0	24	24	170	187	29	0	110	65	16	28	134	187	0	0	0	0	66	29	33	88	87	683	105	25	8	5	0	75	84	35	43	111	15	181	82	101	88	70	0	9
9ddf781f2ff72d3c591d164ca9fe7c2a	423	530	771	396	1153	497	1495	891	493	346	240	178	346	730	589	279	466	792	691	598	1103	285	954	820	568	452	1470	571	1750	658	244	619	1232	603	878	579	755	249	1408	918	576	345	1017	1190	969	483	833	181	873	246	653	1048	1338	282	1351	1085	783	629	815	414	2946	63	46	65	106	81	2199	66	554	174	4700	9	5	8	1232	62	774	11	160	12	1484	14	1486	33	303	7	1251	438	260	231	386	200	519	495	1350	25	2693	386	249	18	300	147	212	278	163	89	845	163	108	134	3909	971	8	0	42	801	413	490	282	805	157	631	682	171	82	47	123	650	372	120	157	371	84	1334	660	248	839	491	422	74
bcb2ec9b7a4be36488b9d4114333d473	0	0	0	0	46	0	0	0	23	0	0	0	0	0	0	0	0	0	0	0	0	0	0	0	0	0	0	0	49	46	0	0	0	0	0	0	41	0	0	0	0	0	0	0	0	0	0	0	0	0	0	0	0	0	0	0	0	0	0	0	0	0	0	0	0	0	0	0	45	0	0	0	0	0	0	0	151	0	0	0	0	0	0	0	0	0	0	0	0	0	0	0	0	0	0	0	0	0	0	0	0	0	0	0	0	0	0	0	0	33	0	0	0	0	0	0	0	0	0	0	0	0	0	0	0	0	0	0	0	0	0	0	0	0	0	0	0	0	0	0
d96e982722bc47856b1d0f4c461518a9	276	416	287	0	0	9	0	388	0	162	0	109	212	279	313	216	221	422	257	328	783	190	691	877	306	371	0	22	0	0	26	15	22	0	284	218	0	0	641	317	0	16	848	482	374	198	553	121	580	143	605	519	787	141	600	443	482	184	557	267	2004	47	0	0	379	30	0	0	0	0	0	17	0	0	1805	0	0	0	226	29	0	3	1270	0	307	16	702	71	660	0	451	56	554	75	686	114	727	39	274	0	100	279	895	1467	64	0	0	5	0	0	0	48	21	22	0	920	0	0	121	683	0	29	708	721	80	83	0	601	185	132	301	668	0	778	252	267	96	464	87	167
e8350158e98e3d0dd7960647fd6648bc	269	356	278	0	160	0	11	322	83	144	14	83	163	252	270	176	220	310	336	275	650	212	589	901	290	464	29	0	206	134	0	0	0	19	273	189	149	66	623	287	20	0	736	455	410	166	532	138	559	127	598	550	826	149	528	407	614	235	517	251	2126	0	0	86	257	0	0	0	88	0	38	0	0	11	1626	11	480	0	107	0	0	0	1315	0	148	0	607	135	279	6	463	130	448	89	755	0	999	208	384	0	100	332	826	1757	92	69	16	0	18	57	50	0	0	0	17	1156	80	119	105	589	13	0	728	731	74	0	31	795	188	0	323	973	58	1016	250	358	123	840	84	184
f1898664b8ef4fcb75774c8d8c32d935	16	44	58	16	64	34	0	0	42	26	42	9	29	58	55	19	69	72	46	96	100	27	71	83	33	61	91	66	111	71	34	73	0	0	5	0	46	23	81	49	54	64	92	94	96	50	100	29	102	24	99	129	138	30	88	87	75	41	136	39	386	4	73	7	30	7	471	0	77	0	431	0	0	0	0	0	592	0	73	0	401	0	167	0	127	0	208	60	228	0	110	0	164	49	293	0	318	96	67	0	14	7	108	20	37	23	47	20	14	5	172	161	0	0	0	0	40	70	5	55	24	97	69	74	0	0	0	76	17	41	18	33	0	143	31	0	14	47	7	0
f83d58df5d2a92d8f5404188a405bd42	138	375	181	105	429	115	434	184	231	71	240	61	127	107	102	127	132	183	170	134	498	143	803	518	237	175	259	142	560	243	416	174	489	166	136	119	319	188	336	118	253	131	415	318	406	115	212	32	248	68	265	259	478	71	192	194	229	113	313	124	1247	0	119	0	0	101	3088	79	351	54	2305	0	0	0	1719	0	1745	0	139	0	1468	118	825	0	131	0	501	50	496	0	360	0	486	119	535	68	644	92	191	271	359	712	3803	1036	256	140	1915	244	179	70	566	868	16	0	0	427	705	336	201	106	421	1524	819	412	170	78	44	260	181	110	326	500	60	291	400	145	637	763	216	0
fbcf21a37e10ef661b45a1538c337257	0	0	0	0	0	0	0	0	0	0	0	0	0	0	0	0	0	559	0	0	0	0	0	0	0	0	0	0	0	0	0	0	0	0	0	0	0	0	0	0	0	0	0	0	0	0	0	0	0	0	0	4	0	0	92	50	0	0	0	0	0	0	0	0	0	0	0	0	0	0	0	0	0	0	0	0	0	0	0	0	0	0	0	0	0	0	0	0	0	0	0	0	0	0	365	92	0	0	0	0	0	0	0	0	0	0	0	0	0	0	0	0	0	0	0	0	0	0	0	0	0	0	0	0	0	0	0	0	0	0	0	0	0	0	120	32	0	0	0	0
408ff55f172b54fbb975e2b8f51928e1	127	117	178	63	306	169	215	137	125	63	97	38	112	190	169	54	234	313	280	136	466	169	396	567	131	242	193	149	420	303	116	257	229	112	196	130	292	148	428	190	186	132	266	264	417	234	196	68	263	83	203	454	710	158	420	319	299	165	251	175	1306	0	0	29	41	0	302	0	244	110	1266	0	0	0	603	0	1239	0	0	0	459	0	437	0	63	0	456	46	0	63	200	0	566	87	702	44	377	60	45	0	47	46	305	184	0	0	45	74	37	50	499	356	0	0	0	390	97	247	44	191	70	660	141	99	0	0	0	158	77	35	57	191	26	759	110	267	94	136	69	57
4e1a2a8548793756a7bd2f998ca99a44	418	453	290	287	402	198	284	655	244	176	0	50	138	371	310	219	218	447	497	646	615	121	160	179	270	218	546	241	542	298	476	292	211	167	455	331	282	274	497	295	0	0	669	513	275	91	600	254	286	152	315	763	461	171	307	375	320	285	842	693	1198	82	53	53	89	34	2282	71	443	0	1895	22	0	0	1654	45	554	43	212	0	29	0	847	0	238	91	1076	201	368	67	294	100	205	0	199	66	725	329	239	0	370	592	582	292	205	52	1402	262	233	269	913	1635	21	0	22	1796	539	582	291	442	29	48	1428	605	132	51	103	722	315	204	563	1321	48	812	564	255	605	815	740	107
64670b07108fc9d160b6f35e0e6ead92	0	0	0	0	0	0	0	0	0	0	0	0	0	0	0	0	0	0	0	0	0	0	0	0	0	0	0	0	0	0	42	0	51	0	0	0	0	0	0	0	0	0	0	0	0	0	0	0	0	0	0	0	0	0	0	0	0	0	0	0	0	0	0	0	0	0	153	0	0	0	240	0	0	0	0	0	0	0	0	0	82	80	0	0	0	0	0	0	0	0	0	0	0	0	0	0	0	0	0	0	0	0	0	0	0	0	0	0	0	0	68	157	0	0	0	0	0	0	0	0	0	245	0	0	0	0	0	0	0	54	0	45	0	0	0	0	0	0	0	0
8d24eb9a691359ac90986abef619c6f9	98	55	108	55	196	52	118	158	86	65	88	11	52	102	114	55	56	111	140	61	195	47	129	128	104	112	177	98	393	207	105	72	142	53	287	107	162	62	249	127	169	106	225	148	176	32	243	49	236	39	278	298	303	50	270	123	171	75	194	77	913	2	5	21	0	15	800	25	225	53	582	12	0	0	1542	0	835	0	33	0	875	0	275	18	36	6	461	70	39	10	230	2	300	7	606	21	383	82	57	0	67	133	200	206	50	17	223	185	80	166	184	441	11	0	18	1376	205	257	46	127	366	1024	333	125	49	14	36	327	72	0	116	217	23	391	161	197	81	250	222	54
a0e6aa51f6c27a5e1bb3e5f6c447d6f5	107	313	143	100	0	106	179	0	112	80	284	64	42	135	133	99	123	197	219	131	298	120	432	563	158	231	211	137	10	0	169	106	159	61	11	0	144	110	344	178	255	181	549	395	108	27	220	102	241	67	250	456	380	107	291	171	291	137	235	177	1901	16	26	39	218	0	2052	47	0	0	1334	25	161	0	0	0	1192	7	115	0	1766	253	2301	43	150	17	897	142	451	0	396	242	630	47	761	0	1159	146	258	520	68	373	2330	2080	180	66	246	618	8	11	222	834	13	0	10	27	134	279	81	542	179	3149	882	683	44	25	16	377	313	209	206	600	11	1409	208	559	178	922	111	334
a29c50b67262ba2232ed5d6b36890141	158	96	175	0	297	166	206	199	136	81	102	44	118	214	175	57	235	389	320	146	547	234	486	669	146	292	232	189	468	313	120	317	223	136	183	130	279	170	457	216	225	164	300	282	462	284	274	105	321	84	207	474	779	192	479	404	393	235	274	197	1307	0	0	0	90	33	341	27	241	0	1163	9	0	4	560	0	1471	0	92	7	511	94	458	0	49	11	564	73	0	0	162	80	556	139	754	0	409	89	119	0	55	186	326	453	36	32	37	30	0	65	578	518	12	11	18	388	121	280	0	233	90	757	213	97	53	35	45	180	64	37	77	487	0	990	98	222	93	203	98	0
d86d37226c841783ab53e2fd9ba1971a	682	738	450	411	935	356	500	964	540	275	35	65	338	457	569	467	424	652	790	445	965	275	272	257	461	373	894	430	1141	724	818	493	348	202	688	524	693	433	818	426	52	67	1127	812	460	130	830	320	557	225	532	1196	829	314	515	649	550	431	675	426	3399	0	0	127	474	70	3939	69	1473	271	4283	45	38	31	4400	0	1944	0	138	99	38	0	1615	52	348	0	1469	298	727	0	756	150	691	154	884	0	1343	605	445	339	609	1054	1097	519	252	151	2648	594	499	1091	1332	2714	63	44	58	2497	997	968	536	728	76	90	2257	947	220	87	156	930	503	335	1007	1783	104	1525	1015	487	1049	1319	490	100
e2dd4afb7ac613e0834247a15170b8f9	438	377	286	234	472	139	254	470	202	142	0	42	114	261	261	199	241	394	426	331	539	144	172	140	281	262	496	235	586	300	683	259	308	116	472	262	271	184	580	233	0	0	585	348	249	77	635	145	445	81	361	541	491	107	349	280	373	191	647	335	2260	0	0	65	211	0	2336	59	606	52	2653	0	0	0	3118	0	1290	0	90	0	0	0	1178	0	154	0	1076	162	374	0	504	125	391	122	491	0	897	192	258	0	465	665	505	308	164	104	1796	350	287	400	826	2378	0	0	0	2266	727	650	436	577	0	0	1628	638	136	66	112	631	346	0	757	1497	71	744	764	588	722	798	498	158
afa5efc6d3274dba6d0deab16f67660d	0	0	6	0	0	0	0	0	0	0	0	14	0	0	611	0	0	160	574	0	0	0	0	0	0	0	0	0	0	0	0	0	0	0	9	0	0	0	0	6	0	0	57	48	0	0	0	0	995	230	0	0	11	0	716	476	808	499	0	7	0	0	0	18	0	5	0	0	0	0	9	0	0	5	0	0	0	0	0	0	0	0	87	0	0	0	0	0	114	0	0	0	0	0	2305	42	2228	431	0	0	0	19	0	0	0	0	0	0	0	0	15	11	12	6	0	0	0	0	5	0	0	0	78	13	4	13	4	0	285	247	0	11	0	0	403	986	748	1115	4	17
43588bce9aa14685ac3861b78ea53288	30	34	44	26	134	28	60	0	67	23	74	8	0	31	39	7	44	75	84	44	87	36	110	79	36	69	185	100	230	191	25	44	71	33	0	0	100	103	79	30	71	71	56	40	33	7	59	25	54	18	85	130	123	33	101	55	70	47	57	35	201	0	15	5	0	20	604	29	113	22	305	0	0	0	0	0	488	0	0	0	646	273	97	0	52	0	120	17	39	0	85	9	80	0	116	0	174	9	105	150	18	26	236	118	19	0	43	150	62	232	75	252	0	0	0	0	63	148	0	61	82	970	87	8	10	0	6	57	33	15	26	33	0	98	25	81	38	122	11	0
c90a0af3b767e17927160cb10279356f	10	11	17	7	16	11	10	14	466	3	347	4	12	364	74	15	153	307	547	56	13	11	7	11	6	9	13	10	15	12	7	9	10	6	11	11	1015	449	14	6	1290	1052	18	21	36	12	381	198	148	48	665	839	1271	267	477	598	1275	831	142	53	0	0	0	0	0	0	0	0	0	0	0	0	0	0	0	0	0	0	0	0	0	0	0	0	0	0	0	0	0	6	0	0	0	0	0	0	0	95	0	0	0	4	0	0	0	0	3	0	0	0	2	3	0	0	0	0	24	230	0	0	0	2	0	0	0	16	0	36	0	0	0	0	0	0	0	0	0	0	0	0
fc69a452686f974a2073c96d214dde3e	218	94	148	450	122	0	67	15	68	99	8	58	317	145	347	52	263	332	196	232	807	359	276	447	143	239	1486	1487	408	301	32	17	630	518	36	25	314	252	745	633	17	27	981	730	1197	461	272	113	355	217	400	673	641	200	632	780	367	305	889	652	0	0	0	2	0	0	42	29	0	85	0	0	0	0	0	0	0	2	0	0	0	0	0	0	0	0	0	3	0	22	0	17	0	0	0	0	0	0	0	0	16	100	0	0	0	18	5	4	0	31	3	26	0	0	0	0	8	225	3	0	0	0	0	0	0	10	3	46	7	17	5	0	0	0	3	0	0	0	0	0
658a415841043db371f5b389effcdf9d	145	19	92	274	378	590	83	1417	43	1285	1270	51	944	202	109	914	452	298	145	1780	4773	8726	143	232	1760	17527	1912	10882	1960	12604	232	11858	2614	6243	2196	11820	899	3802	2633	6062	2133	13871	4413	9316	2302	12999	1412	13212	1806	7021	2149	23476	3219	8355	2440	5866	5205	15848	2515	9551	7	6	226	9	10	239	11	176	28	3188	14	4	30	7	0	5	0	107	4	63	21	276	21	0	12	13	14	161	7	400	10	9	10	6	9	145	6	113	0	31	21	259	5	23	14	377	19	195	6	162	3511	250	26	13	16	29	51	1141	14	160	24	27	25	9	18	65	26	566	27	91	14	14	3	11	13	127	27	63	24	21
26cc5f505c154dc50f11f0638c69f49e	7	26	12	14	0	55	40	19	9	16	0	43	28	17	81	6	68	42	48	7	37	88	138	406	53	229	89	113	8	16	0	177	1305	716	331	369	109	579	223	128	9	9	272	270	14	107	32	38	26	164	26	65	53	115	15	107	99	170	0	7	0	0	0	0	0	4	0	3	0	0	0	0	0	0	0	0	0	0	0	0	0	0	0	0	0	0	0	0	0	0	0	0	0	0	0	0	0	20	0	0	0	22	12	7	0	0	0	0	0	0	21	0	0	87	0	0	6	585	0	0	0	0	0	0	0	0	2	4	0	0	0	0	0	0	0	17	0	0	0	0
259a7bf6505ad5e5a82c73d889941542	0	0	0	0	0	6	0	6	0	0	5	0	0	0	4	0	3	0	0	0	12	14	8	0	6	18	0	9	30	12	0	5	0	11	12	11	9	0	0	8	9	7	0	17	4	4	16	0	10	0	0	0	0	0	15	14	10	16	11	11	8	10	0	18	20	140	0	0	10	23	13	342	47	2	0	7	11	30	41	36	29	0	11	6	11	36	0	60	7	0	0	24	0	5	8	16	13	0	9	27	17	163	6	34	17	45	15	0	0	41	19	246	36	18	347	34	24	35	23	33	19	31	18	21	0	56	18	66	30	26	8	35	4	15	16	31	128	28	19	189
77a53d48dd509b56ec8597edea3172ef	21	20	16	8	0	0	0	15	29	5	20	0	13	24	15	9	29	23	8	9	28	7	39	33	9	7	12	8	0	0	0	0	2	0	10	10	22	15	13	11	30	20	0	0	19	6	37	4	17	3	10	30	46	9	18	14	37	12	59	17	0	0	0	0	0	0	3	0	0	0	0	0	0	0	0	0	0	0	0	0	0	0	0	0	0	0	8	0	0	0	0	12	0	0	0	0	0	0	0	0	0	0	0	0	0	0	0	0	0	0	0	0	0	0	0	0	0	0	0	0	0	0	0	0	0	0	0	0	0	0	0	0	0	0	0	0	0	0	0	0
0cc0d0f767cb1a7ff0d1e4b7e3e22c0c	12	13	5	0	17	7	36	11	5	8	38	4	0	18	4	6	13	7	0	12	35	12	23	29	0	8	10	5	14	13	0	9	7	11	13	7	6	9	30	16	28	26	7	14	0	0	27	0	16	7	4	0	32	0	14	21	0	0	39	15	19	0	0	0	0	0	0	7	0	0	5	0	0	0	3	0	0	0	0	0	9	0	0	0	0	0	9	13	0	0	0	0	0	0	0	0	0	0	0	0	5	0	0	0	0	0	0	0	0	0	6	13	0	5	0	0	0	0	0	0	0	22	0	0	0	0	0	0	0	0	0	0	0	0	0	0	0	0	0	0
d440d3052851bb98daaf7f8381afbb3d	27	36	12	2	10	0	15	30	0	19	46	0	47	0	14	12	15	0	4	18	97	26	64	31	6	7	5	0	0	0	0	0	20	10	46	22	2	0	14	12	71	57	6	10	20	11	0	0	21	8	59	92	14	0	12	5	16	2	22	8	7	0	0	0	0	0	0	0	0	0	0	0	0	0	0	0	0	0	0	0	0	0	0	0	0	0	0	0	0	0	0	0	0	0	0	0	0	0	0	0	0	0	0	0	0	0	0	0	0	0	0	0	0	0	0	0	0	0	0	0	0	0	0	0	0	0	0	0	0	0	0	0	0	0	0	0	0	0	0	0
0d4c05022f84f52efaf413f3b6ea56dc	0	0	10	0	0	0	0	0	0	0	0	0	0	0	0	0	0	0	0	0	14	0	0	0	0	0	0	11	24	0	0	0	0	0	0	0	0	0	0	7	0	0	0	9	0	6	12	0	5	0	0	10	0	0	9	0	11	8	0	7	21	8	0	10	0	48	0	0	0	0	0	95	14	0	0	0	10	9	8	15	0	0	0	0	27	9	0	34	7	0	0	0	0	8	12	0	0	6	0	10	9	51	0	17	0	18	8	0	14	0	11	71	24	11	117	0	12	0	0	17	14	24	0	0	0	11	19	24	15	19	9	16	0	0	0	15	50	11	11	75
5def5d3e4217af0c66de1e25dee190b4	16	17	26	402	9673	16	12	39	22	20	21	8	29	19	30	22	27	18	22	32	48	26	24	36	16	60	461	325	8897	7140	14	32	22	21	116	82	20	112	39	32	26	34	44	42	36	39	85	27	32	26	38	124	42	28	40	45	34	41	32	39	39	328	13047	12	35	1056	9713	229	29042	2885	21	12	42	38	18900	160	51	15	12	0	29	103	24	0	26	0	17	18	20	174	31	10	27	8	24	0	40	0	0	440	149	668	64	251	98	1742	7350	2510	22205	30190	170	208	256	120	4665	2990	213	163	100	169	159	236	165	114	141	263	165	244	183	209	99	169	35	145	124	181	162	119	150	192
8c8b5c97efa94771f04fe65a08450ff4	3343	597	2028	914	1178	706	1402	139	2587	473	108	330	1082	1687	1432	606	1881	2099	1687	931	906	406	1128	974	381	595	1221	673	449	292	1261	379	400	199	353	286	1048	852	828	676	474	862	761	823	1992	513	3373	1236	374	92	1310	1655	951	307	1365	1599	1498	829	874	544	8840	190	37	1068	2225	119	1632	170	571	310	8109	116	19948	0	4388	233	9248	184	2025	51	10008	2256	6924	556	7519	401	10358	5357	2437	289	6475	3164	3921	1090	6931	237	10486	3103	2101	446	1916	969	226	1288	593	283	2784	459	155	246	993	2492	10921	2489	4772	1568	6820	1161	4213	4023	5245	6033	5102	940	5251	939	6931	7099	5275	1298	3134	4466	824	3331	3876	2280	5478	1082	4795	792
f8003de140133574fe07d789b9f501f1	15722	2853	9369	4225	5303	3132	6719	687	12243	2610	499	1488	4869	7816	6547	2827	8852	9917	7661	4475	3948	1728	5325	4393	1710	2926	5436	3103	1929	1295	5987	1609	1864	904	1822	1337	5028	4050	3867	2957	2153	4052	3512	3698	8951	2410	15341	5486	1702	462	6067	7292	4264	1351	6429	7599	6978	4049	3785	2575	41385	685	205	4764	10196	555	7721	914	2721	1169	36629	585	92244	268	21109	706	45037	1797	8233	437	44814	11199	30826	1907	33952	1544	46198	25806	10810	1032	28515	12418	17550	5182	31636	2223	46813	13234	9884	1026	8876	4119	1017	5800	2610	1233	12617	2328	709	1152	4026	10467	50614	11026	21865	6120	32400	5253	19118	16931	23623	28673	23017	4175	23616	3655	31995	32135	23018	5984	14110	18839	3530	15865	17950	12115	25719	5482	20201	3066
ca46b8ca5f06868dcb2a54e87100d77c	4	6	0	0	0	0	0	0	0	0	0	0	0	0	0	0	0	5	0	0	0	7	0	7	0	0	0	0	30	0	0	4	0	0	12	7	7	0	5	6	0	0	4	15	0	0	10	0	4	0	6	10	0	0	9	0	0	5	0	0	7	17	3	13	15	70	0	0	14	7	13	146	36	0	0	11	56	55	28	25	19	5	9	10	18	17	8	107	17	3	14	24	13	0	13	15	0	15	9	39	0	78	4	23	9	19	18	0	22	26	16	128	35	16	204	23	20	23	12	13	18	23	16	0	18	31	8	37	15	19	15	23	0	8	8	16	100	6	16	174
b28af6f3e03eae416cdd3d9af369818f	0	0	0	0	0	0	0	0	0	0	0	0	0	0	0	0	0	0	0	3	10	0	0	0	0	14	17	0	35	0	0	5	8	0	16	0	0	15	11	0	0	0	18	14	0	0	13	0	12	0	13	14	18	0	10	11	13	12	0	13	7	0	0	7	11	60	7	0	8	7	8	179	21	0	12	10	5	24	18	28	7	11	0	10	14	18	8	33	9	0	9	13	7	0	0	6	0	12	0	18	15	93	0	18	15	23	13	0	13	34	17	128	27	12	188	33	26	27	0	16	18	17	22	9	20	30	17	33	23	25	8	24	0	15	8	22	76	24	11	158
73882db41c2dd97fbdd1bbdb60935efa	9	0	5	0	0	0	3	0	0	0	0	0	0	0	0	0	6	0	6	0	0	9	7	12	0	15	0	12	23	7	0	0	0	8	15	0	9	0	10	6	7	0	12	14	0	0	10	0	7	0	8	10	0	0	12	0	8	0	7	0	11	103	3	18	8	94	0	0	15	5	11	177	101	2	13	0	6	7	20	10	16	4	7	0	19	74	10	90	71	0	0	9	8	0	9	7	7	26	5	19	10	102	0	60	14	19	8	0	7	31	18	178	25	0	236	23	20	17	0	20	13	63	9	12	15	38	10	50	25	30	12	39	0	17	9	22	90	14	12	165
3d399e3129403d075f7a6b59b7c28e60	10	7	0	18	0	53	9	0	0	13	32	11	21	0	25	6	26	45	21	29	23	43	14	44	20	85	110	105	6	0	0	93	74	60	37	70	4	0	65	58	65	167	102	106	0	55	0	0	0	32	35	98	15	24	20	75	58	65	103	129	0	0	0	0	0	0	0	36	0	61	0	0	0	0	0	0	0	0	0	0	0	0	0	0	0	0	0	0	0	0	0	0	0	0	0	0	0	0	0	0	0	0	0	0	0	0	0	2	0	0	20	0	0	0	0	0	0	0	0	0	0	0	0	0	0	0	0	0	0	0	0	0	0	0	0	0	0	3	0	0
f4b7f5b0d215ea83535c9e43f0864c83	0	0	0	0	0	0	0	0	0	0	0	5	0	0	4	0	0	0	0	0	0	16	0	0	0	13	0	0	0	0	0	0	0	0	0	0	0	0	20	19	0	0	17	24	0	11	0	0	0	9	5	12	5	14	0	19	13	15	0	0	0	0	0	0	0	0	0	0	0	0	0	0	0	0	0	0	0	0	0	0	0	0	0	0	0	0	0	0	0	0	0	0	0	0	0	0	0	0	0	0	0	0	0	0	0	0	0	0	0	0	0	0	0	0	0	0	0	0	0	0	0	0	0	0	0	0	0	0	0	0	0	0	0	0	0	0	0	0	0	0
b7ded6d28cd0e1bcfd29dd9ff293b725	33	9	24	0	14	0	11	14	6	0	0	25	65	67	146	0	66	72	0	45	118	185	43	297	98	292	14	9	183	190	0	9	131	117	69	75	25	104	16	0	0	0	227	271	28	193	74	225	19	93	75	167	32	48	43	219	28	12	99	96	0	0	0	0	0	0	0	0	0	10	0	0	0	0	0	0	0	0	0	0	0	0	30	0	0	0	0	43	0	0	0	0	0	0	0	0	0	0	0	0	12	5	0	0	0	8	0	0	0	0	0	6	0	40	0	0	0	82	0	0	0	0	0	0	2	0	0	70	0	4	0	0	0	0	0	0	3	0	0	0
4b7cf4ae9a6ef34b1d9b0d5acdb11bbf	9	5	26	0	41	0	24	16	14	9	6	5	0	0	6	0	22	31	27	18	9	34	8	13	7	25	0	7	6	6	1708	6	8	10	12	74	9	461	6	0	0	0	16	14	16	14	5	0	13	4	4	0	28	14	20	11	27	18	18	84	0	0	0	0	0	34	0	0	0	30	0	0	0	0	13	0	0	0	0	0	0	0	0	0	0	34	0	0	0	0	0	0	0	0	0	0	0	26	0	0	2598	31857	46	8978	16654	40973	272	68	528	32691	355	22726	806	9665	7472	60943	433	9448	311	5441	184	281	1687	24110	3004	60866	291	2277	3353	19327	267	1679	117	1612	692	15367	7595	15106	6119	23851
0412b74ab7756afc899e0045746e7c0d	5	104	10	0	7	0	9	0	0	49	325	0	0	32	25	10	9	14	0	35	93	48	69	77	39	75	45	89	30	25	0	13	48	37	0	3	0	0	109	66	321	237	0	8	7	0	80	17	123	26	48	87	37	10	66	51	46	32	60	85	0	0	0	0	0	0	0	7	0	0	0	0	0	0	0	0	0	0	0	0	0	0	0	0	0	0	0	29	0	23	0	0	0	0	0	0	0	0	0	0	0	0	4	0	0	0	0	0	0	0	25	0	0	0	0	0	0	0	0	0	0	0	0	0	0	0	0	0	0	0	0	0	0	0	0	0	0	0	0	0
1769df382849999ba065034838e27c6b	0	0	0	0	0	0	0	0	0	0	0	0	0	0	0	0	0	0	0	0	0	0	0	0	0	9	0	0	0	0	0	0	0	0	0	0	0	0	0	8	0	0	0	0	0	0	0	0	0	0	0	0	0	0	0	0	0	0	0	0	0	0	0	0	0	0	0	0	0	0	0	0	0	0	0	0	0	0	0	0	0	0	0	0	0	0	0	0	0	0	0	0	0	0	0	0	0	0	0	0	0	0	0	0	0	0	0	0	0	0	0	0	0	0	0	0	0	0	0	0	0	0	0	0	0	0	0	0	0	0	0	0	0	0	0	0	0	0	0	0
1bba2b650c8ba56422faef38861e1206	12	69	11	0	0	0	0	0	0	27	0	12	49	15	0	18	0	0	6	0	51	15	42	70	17	39	0	0	0	0	0	0	0	0	0	0	0	0	65	34	0	0	60	58	151	60	29	18	0	0	34	55	0	0	23	11	16	8	0	0	9	0	0	0	0	0	0	0	0	0	0	0	0	0	0	0	0	0	0	0	0	0	0	0	0	0	0	0	0	0	0	0	0	0	0	0	0	0	0	0	0	0	6	0	0	0	0	0	0	0	0	0	0	0	0	0	0	0	0	0	0	0	0	0	0	4	0	5	0	2	0	0	0	0	0	0	0	0	0	0
1d1883c617fe91ed89fb52b09ae6f4d5	0	123	9	66	45	0	18	18	0	28	0	31	57	0	0	0	58	0	15	0	160	76	58	73	27	67	233	199	80	96	0	0	54	30	33	35	0	0	71	62	0	0	151	197	84	43	0	0	30	0	0	0	188	69	0	0	46	19	29	27	19	0	0	0	0	0	24	45	0	18	0	0	0	0	0	0	0	0	0	0	0	0	4	0	0	0	0	0	0	0	0	0	0	0	0	0	0	0	0	0	10	0	0	0	0	0	0	0	0	17	0	0	0	0	0	0	0	0	0	0	0	0	0	0	0	0	0	0	0	0	0	0	0	0	0	0	0	0	0	0
34bf0277618ca25ea5b63a884e763bb8	57	296	89	139	206	97	139	181	29	208	222	43	175	175	100	93	86	69	72	126	371	216	164	139	145	183	568	375	163	102	12	177	350	234	177	96	52	107	295	138	152	178	229	209	287	219	270	84	338	213	326	334	309	62	155	172	335	151	265	185	13	0	0	0	0	0	27	74	0	20	19	0	0	0	16	0	15	0	2	0	32	0	0	0	0	0	39	27	0	0	0	0	7	0	0	0	14	0	0	0	13	8	0	0	4	12	22	0	0	0	466	0	0	21	12	25	22	199	19	0	10	0	8	9	0	0	8	24	14	0	5	57	0	0	10	20	0	17	0	0
3616c33e5e7be30af155be51481aeaf6	0	0	0	0	0	0	0	0	0	0	0	0	0	0	20	0	0	0	0	25	0	0	0	0	0	0	0	0	0	0	0	0	13	20	0	0	0	15	0	0	0	0	0	0	0	0	0	0	0	0	43	0	0	0	0	0	0	0	29	15	0	0	0	0	0	0	0	0	0	0	0	0	0	0	0	0	0	0	0	0	0	0	0	0	0	0	0	0	0	0	0	0	0	0	0	0	0	0	0	0	0	0	0	0	0	0	0	0	0	0	0	0	0	0	0	0	0	21	0	0	0	0	0	0	0	0	0	0	0	0	0	0	0	0	0	0	0	0	0	0
394ef72c7c5ab33a8431676dafd07ce2	0	0	0	0	8	40	0	9	0	53	14	0	27	11	20	0	11	15	0	0	72	35	39	20	24	58	0	0	53	37	0	35	20	22	81	112	44	26	80	43	49	65	61	0	31	31	25	0	31	28	33	59	97	28	32	29	61	18	41	37	0	21	0	0	26	0	0	0	0	9	23	0	0	0	5	0	0	0	0	0	5	0	0	0	4	0	0	0	0	0	5	0	0	0	0	0	0	0	0	0	0	0	0	0	0	0	0	0	0	0	65	16	0	0	0	0	0	46	0	0	0	17	0	0	0	0	0	0	0	0	0	0	0	0	0	0	0	0	0	0
47a11bc6578a7bfca40fc314be966e5c	10	49	0	15	10	49	18	70	0	22	347	5	26	19	21	26	31	34	8	37	63	39	34	64	31	52	62	45	43	48	0	75	203	111	173	81	33	33	48	34	249	262	42	53	68	36	95	35	125	38	76	133	141	32	147	150	117	49	60	77	0	0	0	0	0	0	9	0	0	0	6	0	0	0	7	0	0	0	0	0	17	0	0	0	0	0	0	0	0	13	0	0	0	0	18	0	0	0	0	0	0	0	0	0	0	0	0	0	0	0	238	22	0	0	12	34	10	23	0	0	12	120	0	0	0	0	0	0	0	0	0	0	0	0	0	0	0	0	0	0
6095551f50c6b1d00e16a6e9ec9fe0d7	31	126	45	0	39	0	18	25	0	83	168	0	0	29	42	42	23	51	20	56	263	250	72	120	133	367	19	0	185	235	0	0	155	101	44	34	0	0	126	143	92	137	17	22	11	15	105	91	289	220	158	310	180	56	219	309	122	111	75	72	0	0	0	0	0	14	0	0	0	19	0	0	0	0	0	0	0	0	0	0	0	0	0	0	0	0	9	0	99	0	0	0	0	0	0	0	0	0	0	0	13	79	0	0	0	60	0	0	0	0	0	0	4	0	0	0	3	0	0	0	0	0	0	0	0	0	0	31	0	7	0	9	0	0	4	0	0	14	0	0
6aad389fabc05c13cc238c3cf2bda6c0	0	0	0	0	41	0	0	0	0	0	0	0	0	0	0	0	36	42	0	0	0	0	0	0	0	0	0	0	81	105	0	0	0	0	0	0	0	0	0	0	0	0	0	0	0	0	0	0	0	0	0	0	257	60	125	123	0	0	0	0	0	0	0	0	0	0	0	0	0	0	0	0	0	0	0	0	0	0	0	0	0	0	0	0	0	0	0	0	0	0	0	0	0	0	0	0	0	0	0	0	0	0	0	0	0	10	0	0	0	0	0	0	0	0	0	0	0	0	0	0	0	0	0	0	0	11	0	0	0	0	0	0	0	0	0	0	0	0	0	0
73c1f89cabd247f76eba923f3b70b2c1	0	78	59	241	26	0	0	407	0	0	0	62	0	148	0	0	85	0	0	0	164	100	83	132	257	462	1993	1716	82	73	0	0	25	18	1059	734	88	132	0	0	19	0	1814	1999	0	0	903	326	20	31	0	58	792	206	106	98	0	38	44	0	0	0	0	0	0	0	337	247	0	145	0	0	0	0	288	0	0	0	0	0	0	0	0	0	0	0	0	112	0	58	0	19	0	0	0	0	0	0	0	191	12	0	0	0	24	0	82	0	0	15	0	20	0	0	0	0	50	137	0	0	0	0	0	18	0	0	0	167	0	122	0	0	0	21	0	16	0	0	0	0
78c0b691e9948f5a60472b2be9d7056f	0	0	32	18	0	0	32	81	0	82	0	10	0	42	21	77	0	0	0	42	10	0	0	0	86	219	145	106	0	0	0	5	199	85	263	158	0	0	196	66	0	0	184	233	0	0	165	63	156	36	163	292	0	0	0	6	13	0	89	105	0	0	0	0	0	0	0	25	0	17	0	0	0	0	0	0	0	0	0	0	0	0	0	0	0	0	0	0	74	0	0	0	0	0	0	0	0	0	0	0	0	0	0	0	0	0	0	0	0	0	0	0	0	11	0	19	0	0	0	0	0	0	0	0	0	36	0	18	0	0	3	0	0	0	0	0	0	0	0	0
881208da6fa56fb78f2d63d77276e8ea	0	69	0	0	0	0	0	0	0	0	37	0	56	0	0	0	0	0	19	0	115	37	0	0	0	97	51	0	0	0	0	0	0	0	0	33	0	0	51	0	0	0	82	122	75	38	0	34	58	0	0	79	53	0	36	53	68	0	41	0	0	0	0	0	0	0	0	0	0	0	0	0	0	0	0	0	0	0	0	0	0	0	21	0	0	0	0	0	0	9	11	0	0	0	0	0	0	0	0	0	0	0	0	0	0	0	0	0	0	0	67	0	0	0	0	0	10	37	0	0	0	0	0	0	0	0	0	0	0	0	0	0	0	0	0	0	0	0	0	0
91906c7e65ecb8b42499aa2c86faf944	0	6	6	0	0	0	0	0	0	42	0	0	0	11	0	0	0	0	0	53	65	53	41	64	41	117	0	0	0	0	0	0	0	0	0	6	0	0	91	65	0	0	135	138	0	0	19	49	0	0	0	10	0	3	0	0	0	0	73	97	0	0	0	0	0	0	0	0	0	9	0	0	0	0	0	0	0	0	0	0	0	0	0	0	0	0	0	17	0	0	0	0	0	0	0	0	0	0	0	0	0	0	0	0	0	0	0	0	0	7	0	0	0	0	0	0	0	0	0	0	0	0	0	0	0	0	0	0	0	0	0	0	0	0	0	0	0	0	0	0
9932ab474f1ddea0ae8865b176ed2c0f	0	0	0	0	0	0	0	0	0	0	0	0	0	0	0	0	7	0	0	0	0	0	69	149	0	0	0	0	0	0	0	0	0	0	0	0	42	62	0	0	0	0	51	47	0	3	0	0	0	0	0	0	46	18	0	0	0	0	0	0	0	0	0	0	0	0	0	0	0	0	0	0	0	0	0	0	0	0	0	10	0	0	0	0	0	0	0	0	0	0	0	0	0	0	0	0	0	0	0	0	0	0	0	0	0	0	0	0	0	0	0	0	0	0	0	0	14	75	0	0	0	0	0	0	0	0	0	0	0	0	0	0	0	0	0	0	0	0	0	0
9abd5e4382d86bfc4f5f6eff28933d3d	0	0	0	6	0	0	7	14	0	0	0	0	0	0	0	0	0	0	0	0	0	0	0	0	0	0	67	42	0	0	0	0	20	22	62	48	0	0	0	0	0	0	0	0	0	0	0	0	0	0	0	0	0	0	0	0	0	0	0	0	0	0	0	0	0	0	0	0	0	8	0	0	0	0	0	0	0	0	0	0	0	0	0	0	0	0	0	0	0	0	0	0	0	0	0	0	0	0	0	0	0	0	0	0	0	0	0	0	0	0	0	0	0	0	0	0	0	0	0	0	0	0	0	0	0	0	0	0	0	0	0	0	0	0	0	0	0	0	0	0
9d9cce59f55f5ad46eaaaf360e0b1ec6	0	0	0	0	0	0	6	0	0	0	0	7	57	16	9	23	0	7	0	0	0	0	0	0	0	0	0	0	0	0	0	0	18	17	0	0	0	0	0	0	0	0	109	136	91	73	32	13	26	17	26	54	6	0	9	16	0	0	0	0	0	0	0	0	0	0	0	0	0	0	0	0	0	0	0	0	0	0	0	0	0	0	0	0	10	0	14	8	0	6	0	0	0	0	0	0	0	0	0	0	0	0	0	0	0	0	0	0	0	0	0	0	0	0	0	0	0	0	0	0	0	0	37	22	0	0	0	0	0	0	0	0	0	0	0	0	0	0	0	0
ad75c0e56de545cb0ab128cb0ab9846a	5	50	11	8	20	29	9	42	0	34	51	0	22	25	34	10	16	14	0	12	85	38	41	59	40	54	59	35	58	39	0	49	54	42	93	93	40	42	92	33	58	47	86	95	21	22	49	24	55	9	49	63	78	11	72	88	81	33	23	33	0	0	0	0	0	21	0	0	0	0	0	0	0	0	0	0	4	0	0	0	11	0	15	0	0	0	0	0	0	0	0	0	0	0	0	0	13	0	0	0	6	0	0	0	0	0	0	0	0	9	120	7	0	0	5	14	4	33	0	0	0	40	0	0	0	6	0	0	4	0	0	0	0	0	0	0	0	4	0	0
aed6794ad885138c4236be296bdbb42d	0	13	9	0	8	17	14	0	0	29	32	0	24	16	0	0	12	19	0	0	43	14	23	25	23	29	34	24	22	22	0	21	14	0	0	0	36	0	59	36	37	24	34	37	21	16	30	10	30	0	0	46	54	18	29	40	49	27	0	0	0	0	0	0	0	0	6	0	0	18	33	0	0	0	0	0	0	0	0	0	0	0	0	0	0	0	0	0	0	0	0	0	0	0	0	0	0	0	0	0	0	0	0	0	0	0	0	0	0	0	53	0	0	0	0	0	0	0	0	0	0	5	0	0	0	0	0	0	0	0	0	0	0	0	0	0	0	0	0	0
b19b12db3ed349c79dd7ff2f66911ff0	7	28	45	0	0	0	0	11	0	27	0	11	49	55	46	0	19	42	0	157	214	144	74	127	158	500	79	85	43	22	0	0	50	69	322	243	101	86	81	39	0	12	236	169	16	75	71	89	63	86	56	65	99	30	138	112	29	13	277	379	65	0	0	0	0	0	0	0	0	101	0	0	0	0	67	0	0	0	0	3	0	0	0	0	28	0	4	57	5	0	0	0	0	0	0	0	0	0	0	0	9	0	3	0	0	12	2	0	0	0	0	3	0	0	28	14	8	80	4	0	0	0	0	2	0	7	3	19	0	0	0	0	0	0	0	0	0	0	8	0
b4f32c9e4cddf3d9b1f26cef2c073d3e	18	136	38	13	42	56	25	236	15	78	341	7	47	52	39	45	28	42	24	53	149	246	102	191	65	177	86	94	103	106	19	129	168	170	310	292	77	135	100	144	140	147	68	105	143	78	119	77	136	99	71	121	155	54	166	251	273	134	119	145	31	0	76	0	0	0	27	12	19	190	28	0	0	0	115	0	27	0	0	0	10	0	0	4	13	0	28	57	42	0	0	0	0	0	52	0	0	11	0	0	40	88	5	9	0	61	11	0	0	21	311	7	0	0	35	18	34	308	0	0	15	19	7	5	7	0	6	35	10	0	0	0	0	0	21	0	24	29	0	0
b54479533db5fbd055d55e9524f03f8e	0	0	0	7	26	65	0	18	0	48	0	8	24	53	34	0	9	36	0	68	0	0	0	10	0	0	0	64	82	71	26	339	125	103	111	141	0	46	111	131	0	0	45	70	14	96	0	92	0	71	0	101	54	32	0	38	121	133	9	14	0	0	54	0	0	0	18	0	0	43	0	0	55	0	381	0	9	0	26	0	0	0	4	0	33	0	0	19	0	28	2	0	0	0	0	0	7	0	0	0	0	0	0	0	0	0	17	0	7	66	121	54	0	0	151	91	8	60	36	12	0	0	10	9	14	0	0	56	8	0	0	0	0	31	0	0	0	62	6	0
b856825e3e8fa2a9a867a8391c77c92a	0	4	3	0	0	0	5	0	0	13	0	0	34	5	3	0	12	0	0	0	81	43	19	12	25	24	0	0	0	0	0	0	38	42	0	0	0	0	31	21	0	0	0	0	49	25	11	6	8	0	0	0	18	10	9	15	27	25	0	0	0	0	0	0	0	0	0	0	0	0	0	0	0	0	0	0	0	0	0	0	0	0	0	0	0	0	0	0	0	0	0	0	0	0	0	0	0	0	0	0	0	0	0	0	0	0	0	0	0	0	0	0	0	0	0	0	0	0	0	0	0	0	0	0	0	0	0	0	0	0	0	0	0	0	0	0	0	0	0	0
c005f0c5f378d00de7d1247cfff924fc	0	31	0	0	0	0	0	0	0	12	0	0	0	0	0	0	0	0	7	0	44	22	22	40	14	28	0	0	10	18	0	0	0	0	0	0	10	10	42	30	0	0	0	0	0	0	0	0	0	0	0	0	0	0	0	0	24	15	0	0	40	0	0	0	0	0	0	0	13	0	0	0	0	0	0	0	0	0	0	0	0	0	0	0	0	0	0	0	0	0	0	0	0	0	0	0	28	0	0	0	0	0	6	12	0	0	0	0	0	0	0	0	0	0	0	0	0	12	0	0	0	0	0	0	0	0	0	0	0	0	0	0	0	0	0	0	0	0	0	0
c772953cbb0dcb2197ceafaa9786c7b9	0	0	0	0	0	50	39	0	5	30	0	0	0	0	0	0	0	0	43	36	0	0	0	0	0	0	35	0	42	36	0	195	78	77	76	93	24	0	67	83	0	0	39	0	0	63	20	65	10	57	49	79	0	32	22	0	66	80	0	0	0	0	33	0	0	0	0	51	33	99	84	0	0	0	271	0	0	0	0	0	0	0	0	0	0	0	5	0	0	0	0	0	15	0	0	0	0	10	0	0	0	0	0	0	0	7	0	0	0	0	94	0	0	30	95	56	0	38	0	0	0	0	0	0	0	0	0	39	0	0	0	0	0	0	0	0	0	55	0	0
ce89b699a5fe566492d1fc2abb89cd06	0	50	0	9	0	0	0	0	0	0	0	0	0	0	0	0	0	0	0	0	13	13	40	41	0	15	69	46	0	0	0	0	34	21	0	0	0	0	14	10	0	0	34	57	0	0	6	0	0	0	0	0	19	0	0	0	6	0	0	0	0	0	0	0	0	0	12	0	0	0	0	0	0	0	0	0	0	0	0	0	0	0	0	0	0	0	0	0	0	0	0	0	0	0	0	0	0	0	0	0	0	0	0	0	0	0	0	0	0	0	0	0	0	0	0	0	0	0	0	0	0	0	0	0	0	0	0	0	0	0	0	0	0	0	0	0	0	0	0	0
ceaa352d74a5209958a7fb33c54bd092	0	47	0	18	15	0	0	6	0	0	0	9	19	0	0	0	17	0	0	18	51	20	35	38	0	18	87	59	35	31	0	0	0	0	0	0	0	0	26	18	0	0	71	82	32	21	0	0	6	0	0	0	63	28	0	0	14	8	9	0	0	0	0	0	0	0	0	6	0	0	0	0	0	0	0	0	0	0	0	0	0	0	0	0	0	0	0	0	0	0	0	0	0	0	0	0	0	0	0	0	0	0	0	0	0	0	0	0	0	0	0	0	0	0	0	0	0	0	0	0	0	0	0	0	0	0	0	0	0	0	0	0	0	0	0	0	0	0	0	0
d0fc9bc07285f9e646432d5c195dc748	0	0	0	0	20	0	0	0	0	0	0	0	0	0	0	0	0	18	0	0	0	0	0	0	0	0	0	0	29	28	0	0	0	0	0	0	0	0	0	0	0	0	0	0	0	0	0	0	0	0	0	0	86	0	37	52	8	0	0	0	0	0	0	0	0	9	0	0	10	0	0	0	0	0	0	0	0	0	0	0	0	0	0	0	0	0	0	0	0	0	0	0	0	0	0	0	0	0	0	0	0	0	0	0	0	0	0	0	0	15	0	0	0	0	0	0	0	0	0	0	0	0	0	0	0	0	0	0	0	0	0	0	0	0	0	0	0	0	0	0
de9693f00c2729ac9161e034c4710926	29	84	58	18	41	17	10	30	0	65	34	25	72	31	30	64	43	41	0	64	144	57	63	124	93	125	62	67	77	78	0	25	63	32	53	0	53	54	69	66	35	65	136	167	122	55	83	0	78	37	98	125	73	45	67	68	0	45	51	84	8	0	0	0	0	0	29	0	0	0	21	0	0	0	0	0	12	0	0	0	14	0	0	0	0	0	28	14	0	0	0	0	0	0	21	0	0	0	0	0	9	0	0	0	0	0	0	0	0	0	0	0	0	0	0	0	0	0	0	0	0	0	8	0	0	0	0	0	0	0	0	0	0	0	0	0	0	0	0	0
e2d5ef841dbbfab4892e51db9776003d	0	98	0	0	0	24	0	0	0	45	0	0	47	0	0	0	0	0	0	19	88	39	21	43	0	34	0	0	17	0	0	44	0	0	0	0	0	0	54	57	0	0	24	32	0	36	0	0	0	0	26	40	15	0	0	0	0	0	40	48	0	0	0	0	0	0	0	0	0	0	0	0	0	0	0	0	0	0	0	0	0	0	0	0	0	0	0	0	0	0	0	0	0	0	0	0	0	0	0	0	0	0	0	0	0	0	0	0	0	0	70	0	0	0	0	0	0	31	0	0	0	0	0	0	0	0	0	0	0	0	0	0	0	0	0	0	0	0	0	0
e4af83cc734f6a9d696de87fa98c7928	25	112	27	9	19	14	7	64	0	67	0	14	174	30	21	49	53	39	15	75	137	93	40	67	62	181	74	64	50	54	7	22	87	62	47	38	31	33	165	133	0	7	190	249	390	237	116	40	151	55	82	158	151	55	79	108	76	49	120	110	7	0	0	0	0	14	13	0	15	88	0	0	0	0	9	0	0	0	0	0	0	0	10	0	5	0	17	12	0	0	0	0	0	0	0	0	20	16	0	0	8	0	5	0	0	0	0	0	0	0	59	12	0	0	0	9	11	23	0	0	0	0	0	0	0	0	0	15	0	0	0	0	0	0	0	0	0	0	0	0
f5f5ce0452238ed27dbcba5fd792f4c3	70	297	45	10	81	78	20	48	27	126	0	16	112	32	13	49	42	29	13	60	249	146	86	137	39	109	47	44	62	81	0	94	30	38	65	52	68	40	185	152	0	7	54	83	81	143	41	32	10	0	50	106	54	28	19	27	22	9	74	143	13	0	0	0	0	0	0	16	0	240	14	0	0	0	0	0	0	0	0	0	0	0	0	0	0	0	0	0	0	0	0	0	0	0	0	0	0	0	0	0	8	28	0	0	0	0	0	0	0	0	235	43	0	0	0	0	16	76	0	0	0	0	4	7	0	0	5	0	0	0	0	0	0	0	0	0	0	0	0	0
4778af7c436c9231ee5b1faa20c054c4	60	268	34	80	71	161	132	281	23	83	0	19	139	95	87	98	56	72	19	65	258	106	172	119	95	110	299	155	163	108	0	222	226	135	281	221	135	92	266	139	0	0	315	310	181	140	246	55	290	63	244	300	233	57	183	232	217	56	109	90	0	0	0	0	0	0	39	14	0	37	61	0	0	0	14	0	0	0	0	0	0	0	0	0	0	0	0	28	0	0	12	0	3	0	0	0	18	0	0	0	0	8	0	0	0	6	8	0	0	0	844	0	0	13	35	30	10	80	0	0	0	0	15	5	0	15	0	17	0	0	0	0	0	0	0	0	0	0	0	0
fd7641cf059de28cdbb0136ac5dc499d	77	531	104	134	152	113	200	596	34	712	733	32	119	167	130	277	166	79	46	499	570	247	248	356	387	773	1046	727	610	547	28	552	731	746	633	588	255	400	736	843	316	383	305	269	272	141	499	362	749	659	276	712	738	257	257	352	638	323	829	964	131	0	53	0	0	106	418	34	13	229	207	0	0	0	97	38	243	69	0	0	464	16	0	0	32	0	324	65	15	4	29	0	103	23	147	0	348	13	101	0	719	615	18	70	64	321	141	60	37	81	1295	115	26	188	589	755	276	1234	52	28	321	346	65	17	12	26	50	176	44	28	0	36	8	10	128	60	49	73	14	25
0250b271977e527101b6a678c57bcd56	44	176	52	32	0	0	59	203	12	79	291	29	0	48	47	0	45	45	31	99	266	87	157	148	110	139	135	88	0	0	5	0	231	84	207	110	126	85	160	69	107	158	209	188	0	0	172	48	167	59	0	13	111	32	120	105	158	97	184	192	0	0	0	0	0	8	6	0	0	35	0	0	0	0	8	0	25	0	0	0	35	0	29	0	0	0	0	0	0	0	0	0	0	0	26	0	9	0	0	0	12	7	0	0	0	0	10	13	0	0	0	9	0	0	32	35	32	149	0	0	16	6	21	0	0	7	0	0	0	0	0	0	0	0	0	11	0	0	6	0
0f01c16f26d692240b06aa7e387d3160	325	1051	99	347	318	649	96	1733	89	495	2610	249	1517	710	414	1949	661	560	154	973	2534	2272	875	1108	256	455	2446	1867	691	813	102	1028	321	247	2577	1558	653	902	893	615	1091	1065	3550	3423	4204	1885	2293	734	1795	650	1996	2795	3542	1005	1840	1879	1576	655	2009	2022	214	3	15	11	0	91	594	225	0	420	401	8	8	4	152	31	160	9	33	20	615	32	463	61	264	0	548	470	0	12	119	24	126	4	302	4	377	60	66	62	464	331	26	74	10	57	170	43	13	61	3227	266	34	16	517	700	213	1756	20	29	357	604	246	73	90	77	65	403	36	27	23	13	18	34	191	155	40	71	38	14
3e75811428b84018c6e7efa117a19b7f	123	496	100	167	64	299	99	347	44	150	0	79	375	115	141	78	160	197	118	175	944	348	637	541	203	296	592	438	345	213	18	345	95	80	409	281	335	138	551	263	18	47	715	817	479	446	238	87	308	108	242	302	610	116	334	293	477	159	420	403	15	0	0	0	0	0	0	20	0	38	0	0	0	0	26	0	12	0	0	3	0	0	6	0	362	0	0	20	0	36	0	0	0	0	12	0	7	0	0	0	26	18	0	0	0	11	19	23	0	0	1188	34	4	0	28	43	31	215	9	17	0	0	24	14	39	11	0	7	0	80	0	69	0	0	0	0	0	0	10	0
69cdd4a6590a33c7001ad4445a3a358b	0	0	0	0	0	0	0	0	0	0	15	0	0	0	0	0	0	0	0	0	0	0	0	0	0	15	143	131	0	0	0	0	0	0	0	0	0	0	0	0	42	47	0	0	0	0	0	0	0	0	0	0	0	0	0	0	0	0	0	0	0	0	0	0	0	0	0	12	0	0	0	0	0	0	0	0	0	0	0	0	0	0	0	0	0	0	0	0	0	0	0	0	0	0	0	0	0	0	0	0	0	0	0	0	0	0	0	15	0	0	0	0	0	0	0	0	0	0	0	0	0	16	0	0	0	0	0	0	0	0	0	0	0	0	0	0	0	0	0	0
a3091abfe4af2afce7e48b914d73fc9d	12	38	38	7	27	0	7	0	0	79	0	13	16	48	38	12	34	62	15	118	181	71	179	298	112	281	82	100	222	167	0	0	56	42	13	0	38	53	188	120	0	0	128	114	24	36	111	56	113	31	117	235	180	62	219	196	129	132	148	215	0	0	0	0	0	13	9	23	0	13	0	0	0	0	0	0	0	0	0	0	0	0	0	0	0	0	8	18	0	0	0	0	0	0	0	0	0	0	0	0	7	0	0	0	0	14	0	0	0	19	0	0	0	0	0	0	17	92	0	0	0	0	0	0	0	0	0	22	0	30	0	0	0	0	0	0	0	0	0	0
1451ad8f02adef43599b404f879882df	93	138	97	32	75	425	37	137	18	233	235	49	246	153	123	22	177	230	124	223	497	188	587	633	142	136	107	73	333	163	18	401	235	193	208	242	205	233	426	294	272	275	450	303	560	187	356	134	159	76	106	441	221	186	235	472	240	623	31	81	0	0	15	0	0	43	9	6	0	81	9	0	0	0	18	0	0	0	0	34	29	0	0	0	24	0	8	48	0	3	0	0	0	0	0	0	9	40	0	0	0	19	6	0	0	12	0	0	0	5	1075	23	5	0	28	23	62	182	0	20	22	39	0	17	9	18	11	54	0	0	0	0	0	0	5	8	0	33	3	0
6d276685ac8cf004e4a6b09fdaf54813	0	7	0	0	0	0	0	7	0	0	9	0	0	0	0	0	0	0	0	0	39	25	32	32	11	19	0	0	0	0	0	0	24	25	68	53	17	54	0	0	15	15	0	0	0	0	11	5	0	0	0	0	9	0	0	0	0	0	5	0	0	0	0	0	0	0	0	0	0	0	0	0	0	0	0	0	0	0	0	0	0	0	0	0	0	0	0	0	0	0	0	0	0	0	0	0	0	7	0	0	0	0	0	0	0	9	0	0	0	0	0	0	0	0	0	0	10	101	0	0	0	0	0	0	0	0	0	0	0	0	0	0	0	0	0	0	0	0	0	0
2fff73f7e920ddd16a184f7b36317d98	13	36	13	17	17	42	28	36	7	44	55	8	92	27	37	10	17	42	7	33	121	60	49	73	22	35	79	81	36	36	0	48	71	37	56	31	38	27	113	67	61	56	93	95	145	82	51	22	75	22	62	73	62	17	50	51	53	23	65	60	0	0	41	0	0	0	0	0	0	0	11	0	0	0	0	0	22	0	0	0	10	0	0	0	0	0	0	0	0	0	0	0	0	0	0	0	0	0	0	0	0	11	0	0	0	0	0	0	0	0	170	0	0	0	0	0	9	20	0	0	0	17	0	0	0	0	0	16	0	0	0	0	0	0	0	0	0	0	0	0
3c8cf5c5f0d920d689c0dfe7870d4805	0	0	0	0	0	20	14	0	0	16	19	0	39	0	0	0	0	0	0	0	45	27	0	29	0	0	37	35	0	0	0	25	24	23	22	0	20	0	49	32	37	28	43	44	50	39	18	0	26	0	24	27	37	0	21	20	21	0	21	27	0	0	0	0	0	0	0	0	0	0	0	0	0	0	0	0	0	0	0	0	0	0	0	0	0	0	0	0	0	0	0	0	0	0	0	0	0	0	0	0	0	0	0	0	0	0	0	0	0	0	56	0	0	0	0	0	0	0	0	0	0	0	0	0	0	0	0	0	5	0	0	0	0	0	0	0	0	0	0	0
63824defa05bc0d1c9615d56be49d50b	0	23	7	0	6	0	0	29	0	21	0	0	0	15	11	0	9	11	6	17	37	16	12	38	22	30	13	12	27	25	0	6	10	9	63	45	14	11	61	38	6	5	17	19	0	6	12	0	7	13	27	53	22	8	13	29	22	18	23	22	10	0	4	0	0	0	0	0	0	0	0	0	0	0	25	0	0	0	0	0	0	0	0	0	0	0	0	13	0	0	0	0	0	0	0	0	0	0	0	0	0	0	0	0	0	0	0	0	0	0	11	0	0	0	15	0	0	11	0	0	0	0	0	0	0	0	0	7	0	0	0	0	0	0	0	0	0	0	0	0
9582103d2308a5094b1fa806ecd0e674	19	95	27	0	0	0	0	62	0	37	0	24	107	26	22	17	49	35	13	46	156	72	87	83	43	81	0	0	48	28	0	0	0	0	91	72	54	68	86	56	0	0	162	164	234	123	62	36	25	26	45	78	130	35	68	49	87	54	71	65	15	0	0	0	0	0	0	0	0	0	0	0	0	0	0	0	0	0	0	0	0	0	0	0	41	0	0	8	0	0	0	0	0	0	0	0	0	0	0	0	11	0	5	0	0	0	0	0	0	0	0	0	0	0	0	0	12	61	0	0	0	0	0	0	0	0	0	0	0	0	0	0	0	0	0	8	0	9	0	0
00a406c81cbbd191e3cab85c3e2ddca5	20	19	16	16	27	19	36	72	12	13	304	0	10	17	10	9	24	19	7	28	97	64	23	46	22	58	104	76	58	43	0	57	79	44	152	103	36	46	22	32	143	142	37	51	15	22	39	38	19	17	15	31	116	39	69	74	46	29	46	65	66	0	0	0	0	0	44	15	18	0	64	0	0	0	168	12	0	0	0	0	273	14	34	0	9	0	60	132	0	0	7	36	19	10	81	0	0	24	0	0	13	0	0	0	0	7	35	14	0	7	157	24	0	0	279	148	10	84	0	0	135	531	10	0	0	0	10	9	0	0	0	0	0	15	25	54	0	0	0	0
0363df3e7160446b087209ec283fab45	26	89	37	11	40	27	19	60	14	63	237	18	436	61	42	35	36	47	18	105	142	50	77	115	58	101	39	35	95	84	10	35	35	16	59	44	53	50	76	47	63	94	227	297	398	403	162	68	70	62	42	55	81	16	130	149	45	37	200	294	293	0	0	8	0	0	15	0	16	25	53	4	0	0	70	0	86	0	0	0	358	0	36	0	219	0	120	74	0	4	18	0	39	0	151	0	33	45	67	0	49	46	0	0	0	0	12	0	0	0	127	53	0	11	148	96	60	81	12	14	88	364	91	30	40	0	21	26	25	0	0	0	0	8	53	92	0	0	25	0
18bda817a6acd8c238db4768702123e3	59	104	51	24	44	89	121	198	28	69	182	48	142	40	54	161	105	61	45	26	263	165	78	111	126	206	68	67	45	31	44	141	314	251	193	129	110	113	160	86	54	89	498	692	125	127	74	38	84	45	181	432	411	129	98	118	177	128	48	101	293	8	0	39	0	22	24	0	19	44	335	0	0	13	678	0	32	0	0	17	142	0	128	0	19	0	36	13	0	0	78	81	164	52	53	0	138	0	0	0	108	46	28	21	0	25	23	0	8	33	423	100	21	12	616	208	105	182	16	0	86	226	328	53	0	27	22	19	0	35	27	0	21	48	85	58	32	36	0	30
334f7328673a942af1c7ba68bfe86d5b	0	34	0	0	0	36	12	32	0	27	69	0	48	27	0	34	31	26	0	0	36	25	21	62	0	53	0	0	36	54	0	60	0	44	98	86	0	67	26	21	37	60	43	31	0	57	0	34	0	0	0	33	18	31	45	44	50	37	27	38	0	0	0	0	0	0	0	0	0	26	111	0	0	0	180	0	0	0	0	0	27	0	0	0	0	0	0	25	0	0	0	0	0	0	14	0	0	0	0	0	0	0	0	0	19	0	0	0	0	0	82	21	0	0	168	70	24	108	0	0	46	144	0	0	0	0	0	0	0	0	0	0	0	0	0	0	0	0	0	0
38db7efedec3b49eb62c4b8f7f516a29	8	15	16	17	0	32	14	33	10	14	0	0	30	24	9	15	18	23	12	27	58	38	25	46	30	40	93	91	19	17	0	59	0	0	63	66	25	56	25	20	0	0	112	109	91	41	56	27	42	20	23	52	66	19	38	46	23	24	60	91	5	0	0	0	0	0	13	16	0	25	0	0	0	0	0	0	0	0	0	0	0	0	0	0	0	0	11	0	0	0	0	0	0	0	0	0	0	0	0	0	0	0	0	0	0	0	0	0	0	0	132	38	0	0	0	0	19	62	0	0	0	0	0	0	0	0	0	18	0	0	0	0	0	0	0	0	0	0	0	0
5d10a622068afa2a45d21890a969cc66	0	24	0	0	0	16	0	13	0	10	43	0	24	17	0	12	11	9	0	22	14	0	0	30	0	34	0	0	17	18	0	36	0	15	41	46	0	16	17	12	25	37	15	16	0	31	0	18	0	0	0	18	22	11	14	27	21	13	13	16	0	0	0	0	0	0	0	0	0	0	12	0	0	0	65	0	0	0	0	0	61	0	0	0	0	0	0	0	0	0	0	0	0	0	0	0	0	0	0	0	0	0	0	0	0	0	0	0	0	0	45	0	0	0	112	28	0	74	0	0	25	127	0	0	0	0	0	0	0	36	0	58	0	0	0	0	0	0	0	0
9608d1ed1ae272648b63de482e0a34b4	0	52	0	0	0	36	10	16	0	19	38	0	38	13	0	0	0	26	0	0	44	27	0	36	10	64	0	0	28	0	0	20	0	0	66	41	13	0	11	0	49	54	0	0	0	25	0	42	0	0	0	18	20	0	0	27	20	27	27	30	0	0	0	0	0	0	0	0	0	0	65	0	0	0	91	6	0	0	0	0	0	138	0	0	0	0	31	0	0	0	0	0	0	0	0	0	0	0	0	0	0	13	0	0	0	0	0	0	0	0	43	26	0	0	111	60	0	78	0	0	41	80	0	0	0	0	0	0	0	0	0	0	0	0	0	0	0	17	0	0
9c588db012b6136d0bea3d78b62f15ec	0	0	0	0	0	0	0	19	0	0	57	0	0	15	0	0	0	0	0	0	0	0	34	43	33	0	0	0	0	54	0	27	0	0	63	43	35	0	15	29	0	0	0	34	0	42	0	0	0	48	32	21	0	0	0	34	19	0	0	0	0	0	0	0	0	0	0	0	0	49	49	0	0	0	98	0	0	0	0	0	41	74	0	0	0	0	0	0	0	0	0	0	0	0	0	0	0	0	0	0	0	0	0	0	0	0	0	0	0	0	57	0	0	0	102	79	0	83	0	0	0	109	0	0	0	0	0	29	0	0	0	0	0	0	0	37	0	0	0	0
f0c51de66c7ba0d844e8273845c3a148	0	0	14	23	0	0	0	0	0	0	0	0	0	0	0	0	0	0	0	0	0	0	0	0	0	11	41	35	0	0	0	0	0	0	0	0	0	0	0	0	0	0	0	0	0	0	0	0	0	0	0	0	0	0	0	0	0	0	0	0	0	0	0	0	0	0	0	0	0	0	0	0	0	0	0	0	0	0	0	0	0	0	0	0	0	0	0	0	0	0	0	0	0	0	0	0	0	0	0	0	0	0	0	0	0	0	0	26	0	0	0	0	0	0	0	0	0	0	0	0	0	0	0	0	0	0	0	0	0	0	0	0	0	0	0	0	0	0	0	0
1596e22ef283fb397d99e2cff31bdad4	0	0	0	24	0	0	0	0	0	0	0	0	0	0	0	0	0	27	0	21	0	0	0	0	0	0	90	67	0	0	0	0	0	0	26	0	0	0	23	0	0	0	0	27	0	0	0	0	0	0	0	0	0	0	0	44	0	0	38	87	0	0	0	0	0	0	69	0	0	0	0	0	0	0	42	0	0	0	0	0	0	0	0	0	0	0	0	0	0	0	0	0	0	0	21	0	0	0	0	0	0	0	0	0	0	0	40	0	0	0	34	0	0	0	56	0	0	0	0	0	0	0	0	0	0	0	0	0	0	0	0	0	0	0	0	27	0	0	13	0
c175ae81d05b8a6398283f16343f87f9	26	169	26	32	27	119	39	98	0	74	180	17	23	46	50	118	64	65	15	68	217	106	114	139	47	105	135	116	56	50	13	193	107	100	103	82	60	75	154	85	62	132	225	332	0	35	60	41	37	46	145	247	222	82	91	137	95	87	115	143	25	0	42	0	0	0	31	0	32	160	185	0	0	0	50	0	37	0	0	0	149	0	55	0	0	0	34	42	0	0	32	12	34	0	60	0	84	0	0	0	0	41	0	0	0	0	30	0	0	11	392	69	0	0	187	31	52	153	22	17	67	135	64	41	0	17	0	12	0	0	0	46	0	0	37	0	0	0	0	0
a45148a6c1c7b3182012ee54c99ce070	7	46	10	0	7	7	0	0	4	24	0	7	21	18	12	54	24	14	11	30	84	45	53	75	34	47	56	53	39	41	0	16	34	24	5	0	40	42	83	58	0	0	60	69	29	28	45	31	46	30	50	90	80	18	61	70	79	53	32	24	17	0	0	0	0	0	15	0	0	0	0	0	0	0	0	0	0	0	0	0	0	0	0	0	7	0	10	0	0	0	0	0	0	8	8	0	37	0	0	0	5	7	0	0	5	0	0	0	0	0	48	0	0	0	3	0	7	40	3	0	0	0	0	0	0	0	3	0	3	9	0	0	0	0	0	6	2	0	0	0
33487598f9cfd4bc0803be4596b296b4	40	168	28	11	90	362	36	61	15	115	184	0	62	60	0	50	42	104	0	0	151	80	141	193	59	112	75	71	251	203	16	521	120	78	107	69	66	59	221	156	53	82	28	47	155	59	139	59	0	19	75	136	156	45	97	103	0	0	0	0	0	0	82	0	0	0	0	19	0	152	99	0	0	0	0	0	0	0	0	0	0	0	0	0	0	0	0	0	0	16	0	0	0	0	0	0	0	0	0	0	0	0	0	0	0	17	0	0	0	0	2129	51	0	0	0	0	13	77	0	0	0	0	0	0	0	20	0	12	0	0	0	0	0	0	0	0	0	0	7	0
03c983a054ac71f40a30031f9588aa4f	54	128	0	0	0	0	0	0	0	0	54	0	44	77	97	0	0	126	0	0	395	259	208	295	0	0	0	0	0	0	0	0	0	0	0	0	0	0	0	0	592	855	71	74	235	134	309	161	458	268	337	637	0	0	342	430	134	58	0	0	0	0	0	0	0	0	0	0	0	0	0	0	0	0	0	0	0	0	0	0	0	43	0	0	0	0	0	58	0	0	0	0	0	0	0	64	0	0	0	0	76	63	0	0	0	31	0	0	0	0	0	0	0	0	0	0	0	0	0	0	0	0	0	0	0	0	0	61	0	0	0	0	0	0	0	0	0	0	0	0
11bfa3a00f4ce144c255af9c50f60e4e	0	0	0	0	0	0	0	0	0	0	0	0	0	0	0	0	0	0	0	42	0	0	0	0	0	0	0	0	0	0	0	0	0	0	0	0	0	0	0	0	0	0	0	18	0	0	0	13	0	0	0	0	0	0	0	0	0	0	0	0	0	0	0	0	0	0	0	0	0	0	0	0	0	0	0	0	0	0	0	0	0	0	0	0	0	0	0	0	0	0	0	0	0	0	0	0	0	0	0	0	0	4	0	0	0	0	0	0	0	0	0	0	0	0	0	0	0	0	0	0	0	0	0	0	0	0	0	0	0	0	0	0	0	0	0	0	0	0	0	0
1428594f335e05350d27aabbbf9691f0	0	0	0	0	0	0	0	0	0	0	0	0	0	0	0	0	0	0	0	0	0	0	0	0	0	0	0	0	0	0	0	0	0	0	0	0	0	0	0	0	0	0	0	0	21	0	0	0	0	0	0	0	0	0	0	0	0	0	0	0	0	0	0	0	0	0	0	0	0	0	0	0	0	0	0	0	0	0	0	0	0	0	0	0	0	0	0	0	0	0	0	0	0	0	0	0	0	0	0	0	0	0	0	0	0	0	0	0	0	0	0	0	0	0	0	0	0	0	0	0	0	0	0	0	0	0	0	0	0	0	0	0	0	0	0	0	0	0	0	0
2b361a2f73cf44e4f15039ea675fd52a	0	0	0	0	0	642	21	1185	38	0	17	78	0	0	0	0	282	26	0	0	46	63	0	68	32	97	43	64	0	45	0	1006	23	38	5639	3296	595	1099	73	57	30	51	1085	1082	52	23	60	56	60	42	45	92	1633	582	124	148	54	33	78	65	0	0	84	0	4	15	0	0	0	226	0	0	16	0	70	9	36	0	0	0	0	0	0	16	0	7	0	0	0	6	0	35	16	0	0	0	0	0	0	0	0	26	0	0	0	18	16	0	0	41	2102	63	23	0	76	140	230	1378	0	0	0	0	0	26	0	0	0	0	0	12	0	0	0	27	22	21	0	0	14	21
304366cb02cbad86f14181a5e14c3bb3	80	163	0	0	0	0	0	0	0	0	69	0	77	114	117	0	0	145	0	0	426	302	303	333	0	0	0	0	0	0	0	0	0	0	0	0	0	0	0	0	669	1071	72	87	263	145	382	221	549	275	388	706	0	0	443	497	184	78	0	0	0	0	0	0	0	0	0	0	0	0	0	0	0	0	0	0	0	0	0	0	0	0	0	0	0	0	0	58	0	0	0	0	0	0	0	0	19	0	0	0	89	218	0	0	0	0	0	0	0	0	0	0	0	0	0	0	0	0	0	0	0	0	0	0	0	0	0	93	0	0	0	0	0	0	0	0	0	0	0	0
312bfa3bd62e4121a210a0f1720a0bde	161	398	97	0	24	0	0	0	0	53	232	23	141	255	291	53	0	401	44	28	1151	792	665	954	70	200	78	87	63	57	0	38	60	72	78	58	40	51	98	114	1713	2489	208	224	772	420	1006	536	1419	690	978	1904	97	32	1082	1369	438	190	76	82	0	0	0	0	0	0	0	0	14	335	0	0	0	0	0	0	0	29	0	0	0	0	0	0	0	0	27	125	60	67	0	31	0	0	0	0	0	36	0	0	185	457	15	0	0	0	0	0	0	0	0	33	0	0	0	0	0	0	0	0	43	0	0	0	0	66	47	244	0	57	0	14	0	0	0	64	0	23	0	0
6878fb447c344d84962f691dc7a13f73	44	69	67	0	109	0	78	20	13	104	0	0	0	180	0	0	74	0	77	16	387	270	881	783	196	384	32	38	548	350	23	0	590	493	59	47	91	162	263	156	0	0	32	29	21	17	362	226	22	0	23	31	455	147	20	20	205	116	22	25	0	0	0	0	0	92	0	0	0	206	0	0	17	0	0	0	0	10	0	0	0	0	19	0	0	0	0	38	0	6	0	0	0	0	0	0	0	0	0	0	0	0	0	0	0	48	0	0	0	13	0	15	0	0	0	0	27	228	0	0	0	0	0	0	0	27	0	76	0	0	0	0	0	0	0	0	0	0	0	0
bc47e170c7b1187ce11a97affd378bff	0	75	149	20	0	0	0	0	0	77	0	28	124	0	17	0	0	24	0	0	74	0	94	124	375	1121	0	0	46	0	0	39	2178	2741	0	0	0	0	73	97	0	63	366	319	325	291	0	0	0	0	0	92	81	0	0	74	0	0	0	0	0	0	115	0	0	28	0	0	0	19	0	0	0	0	0	0	0	0	0	0	0	0	0	0	53	0	0	0	0	0	0	0	0	0	0	0	0	0	0	0	0	0	0	0	0	188	0	0	0	0	0	0	0	263	0	0	0	0	0	0	0	24	0	0	0	27	0	0	0	0	0	0	0	0	0	0	0	0	0	0
bf795ec0789f0beb9c3d0cedf059ed53	260	1068	389	278	448	642	255	540	103	1694	793	46	349	375	406	170	521	445	186	1334	3472	1715	2184	2407	833	1674	1562	1291	1890	1525	64	674	1932	1520	872	556	1377	1576	3610	2206	1342	1582	594	660	1390	725	1197	387	1942	538	873	1380	2114	616	1189	1467	1263	771	1772	2015	23	0	22	0	11	136	262	208	60	844	24	0	0	0	87	0	44	7	55	9	268	184	0	4	162	10	32	96	32	0	16	0	7	0	7	0	48	76	26	0	87	57	18	27	23	55	38	17	34	49	2068	218	35	53	48	48	494	1347	18	29	90	205	20	22	31	78	27	170	66	41	30	0	12	26	27	75	46	30	138	44
c5481c14c182a43d18603a2c117d9bb0	18	114	189	0	13	0	49	0	0	102	24	0	99	0	0	11	0	0	12	16	0	73	140	168	486	1491	56	73	0	51	0	0	2702	3148	98	63	31	47	90	145	43	0	497	311	355	307	98	43	52	46	62	0	0	31	55	0	77	55	68	72	0	0	65	0	0	0	0	0	0	16	0	0	0	0	0	0	0	0	0	0	0	0	0	0	0	0	0	0	0	0	0	0	0	0	0	0	0	0	0	0	0	18	0	0	54	251	0	0	0	0	0	0	0	282	0	11	0	0	0	0	0	0	0	0	21	0	0	0	0	0	0	0	0	0	0	0	0	0	0	0
f6f232a58801557c4716c0b263d471f3	0	0	0	0	0	426	0	728	0	0	0	50	0	0	0	0	206	0	0	0	0	0	0	0	0	0	30	0	44	0	55	583	25	0	3217	1943	393	695	0	0	0	0	646	626	0	24	0	0	0	0	0	0	1015	315	101	116	0	27	0	0	0	0	0	0	0	0	0	0	0	458	19	0	0	0	76	0	0	29	0	14	0	0	0	0	0	0	0	0	0	0	0	0	0	0	0	0	0	0	4	0	0	0	0	0	0	0	0	0	0	0	1446	0	0	0	64	108	140	965	0	20	0	0	27	0	0	0	0	0	12	0	0	0	0	0	0	0	0	0	0	0
95ffe1cb21830db3bd639dd1d987cc61	166	287	220	262	246	549	143	1036	54	633	169	76	407	363	329	68	231	165	233	361	1091	498	466	438	304	517	1380	863	830	466	32	424	641	492	1249	893	303	347	1323	769	497	382	975	898	1344	400	1146	189	1024	172	463	629	1055	181	282	264	1102	375	577	550	0	0	38	0	0	136	152	92	0	166	20	0	0	0	137	0	0	0	0	0	21	0	12	0	9	0	20	82	56	0	0	0	0	0	0	0	24	56	0	0	22	94	0	0	10	22	50	0	0	22	1772	49	0	65	61	59	57	375	7	0	6	9	5	0	0	16	18	87	12	13	0	10	0	0	0	0	0	27	6	0
0e22d51ebfa2d0def7d3617ed9f9cc5d	15	0	36	186	0	0	0	334	0	0	0	38	0	105	0	0	76	41	0	0	140	91	75	107	165	379	1720	1418	56	69	28	30	0	14	864	614	73	92	48	24	0	40	1534	1568	0	32	793	281	18	0	42	0	601	132	74	90	37	0	0	48	0	0	0	0	23	19	265	167	0	147	0	0	0	0	296	0	0	0	0	0	0	0	23	0	0	0	36	157	0	175	0	0	0	0	0	0	0	0	0	0	0	19	0	0	0	0	84	133	0	0	0	0	0	0	92	32	0	129	0	0	0	0	42	0	0	20	27	191	0	117	0	0	0	0	0	0	0	0	0	0
0f67c88823a680ab5a1ec37016573112	53	41	139	0	122	0	104	0	0	344	0	0	67	81	80	0	34	150	152	387	519	274	364	479	212	482	0	0	548	257	0	0	726	555	0	36	122	123	983	766	0	0	138	77	123	104	227	93	127	69	270	421	278	52	229	207	625	456	692	918	76	0	0	6	0	50	0	0	7	0	0	0	0	0	0	0	0	0	0	0	0	0	0	0	0	0	9	0	0	0	11	0	0	0	0	0	0	0	0	0	0	0	0	0	10	0	0	0	0	0	0	72	0	48	0	14	0	193	0	0	0	5	0	0	3	0	0	63	0	0	0	0	0	0	0	0	18	48	0	0
4b7a65f7a07df354e6984f3358097446	0	0	0	97	0	0	0	0	0	0	0	0	0	0	0	0	0	0	0	0	0	0	0	0	0	0	715	631	0	0	0	0	0	0	0	0	0	0	0	0	0	0	0	0	0	0	0	0	0	0	0	0	0	0	0	0	0	0	0	0	0	0	0	0	0	0	106	0	0	0	0	0	0	0	0	0	0	0	0	0	0	0	0	0	0	0	0	0	0	0	0	0	0	0	0	0	0	0	0	0	0	0	0	0	0	0	0	47	0	0	0	0	0	0	0	0	0	0	0	0	0	0	0	0	0	0	0	0	0	0	0	0	0	0	0	0	0	0	0	0
529a1efa3efd3cbb857c710db46a4c31	0	0	0	0	0	0	0	0	0	0	0	15	91	0	0	0	82	44	0	0	0	0	0	0	0	0	0	0	0	4	0	0	0	0	0	0	42	53	0	0	0	0	201	158	406	121	0	0	0	0	0	0	510	64	201	177	0	0	0	0	0	0	0	0	0	0	0	0	0	0	0	0	0	0	0	0	0	0	0	0	0	0	0	0	0	0	0	0	0	0	0	13	0	0	0	0	0	0	0	0	0	0	0	0	0	0	0	0	0	0	0	0	0	0	0	0	13	92	0	0	0	0	0	0	0	0	0	0	0	0	0	0	0	0	0	0	0	0	0	0
91ecc950f9b6a538ac0fbb2e57c20011	86	82	202	147	214	31	222	30	28	597	22	24	105	110	144	28	62	230	257	563	874	438	541	679	346	664	1199	968	823	425	44	77	1046	771	93	0	216	205	1553	1118	40	58	248	137	187	181	384	141	180	115	377	598	415	93	349	370	960	640	1003	1353	105	0	11	0	18	0	150	175	0	0	0	0	0	3	0	19	0	0	0	0	0	0	0	0	0	0	0	92	0	0	0	0	0	0	0	0	75	137	0	0	44	75	42	11	0	34	69	44	6	53	60	84	6	83	0	0	58	333	19	16	0	0	10	0	0	29	4	67	15	68	0	6	0	0	0	9	0	0	25	0
bd5a75e6a71b8a623e78e3d79e835f23	0	0	0	0	0	0	0	0	0	34	0	0	0	9	12	0	12	9	0	40	59	45	54	43	22	44	33	19	0	0	0	0	0	0	0	0	20	23	69	33	0	0	59	54	0	0	56	0	45	16	0	30	60	14	29	37	47	43	41	55	13	0	0	0	0	0	0	0	0	0	0	0	0	0	0	0	0	0	0	0	0	0	0	0	0	0	0	0	0	0	0	0	0	0	0	0	0	0	0	0	0	0	0	0	0	0	0	0	0	0	0	0	0	0	0	0	0	10	0	0	0	0	0	0	0	0	0	9	0	0	0	0	0	0	0	0	0	0	0	0
f68405f867979a28365e9aa03e6707ec	0	0	0	0	0	0	0	0	0	0	0	0	0	0	0	0	0	0	0	0	16	0	15	17	0	11	0	0	0	0	0	0	0	0	0	0	0	0	0	0	0	0	0	24	0	0	0	0	0	0	10	0	0	0	0	0	17	0	14	0	0	0	0	0	0	0	0	0	0	0	0	0	0	0	0	0	0	0	0	0	0	0	0	0	0	0	0	0	0	0	0	0	0	0	0	0	0	0	0	0	0	0	0	0	0	0	0	0	0	0	0	0	0	0	0	0	0	0	0	0	0	0	0	0	0	0	0	0	0	0	0	0	0	0	0	0	0	0	0	0
3988a02c2ab9bf2faa5dd2430ffb401e	0	0	0	0	32	0	0	0	0	0	0	50	0	22	0	0	23	8	0	722	18	0	10	16	0	23	12	6	416	468	0	12	10	0	0	12	0	0	12	0	0	10	96	91	101	12	27	54	12	9	0	22	56	29	40	48	8	8	2724	4270	0	0	0	0	0	0	0	0	0	0	0	0	0	0	0	0	0	0	0	0	0	0	0	0	0	0	0	40	0	0	0	0	0	0	0	0	0	12	0	0	0	0	0	0	0	11	0	0	6	12	0	9	0	0	0	0	0	0	0	0	0	0	0	0	0	0	0	37	0	16	0	0	0	0	0	0	0	0	14	28
688d8c08c9dd5ebb787b05dcf5e4b5a8	112	139	202	0	84	0	0	0	0	827	139	0	114	187	340	0	229	245	215	742	1200	1101	487	558	417	891	0	0	441	248	0	0	0	0	0	0	399	721	925	745	465	674	1087	705	445	514	1361	939	841	1717	1094	1112	1325	329	828	901	1026	524	795	904	0	0	0	0	0	0	0	0	0	460	0	0	0	0	0	0	0	0	0	0	92	0	0	0	0	0	0	344	65	0	21	0	0	0	0	0	68	99	0	0	289	370	0	0	59	206	0	0	0	0	0	58	0	0	0	0	102	2011	37	0	0	0	0	0	0	0	45	519	38	0	0	0	0	0	0	118	0	0	0	0
8d17a35a143e415f456e2792870bca0c	350	388	680	223	291	45	44	72	68	2541	375	130	364	546	1128	99	703	744	730	2287	3754	3478	1450	1753	1334	2742	1918	1089	1335	786	106	127	143	159	178	181	1343	2172	2785	2343	1385	2173	3284	2201	1463	1787	4267	2843	2615	5435	3244	3466	4167	986	2552	2710	3357	1848	2423	2653	333	0	0	8	119	273	111	199	48	1089	0	0	0	11	0	0	61	7	32	33	300	7	164	0	51	0	224	1043	133	133	0	78	35	0	88	0	259	280	0	0	942	885	110	26	151	615	60	30	25	122	62	192	38	0	29	50	326	6032	131	114	137	183	27	30	37	108	142	1769	103	77	52	55	29	67	75	257	106	168	78	36
c576426f7d91fc44af9f1ee57466bd68	161	133	311	0	116	13	10	22	15	1065	145	35	112	252	454	27	285	316	318	858	1211	1328	513	633	544	1130	0	0	437	322	24	31	51	59	55	48	453	787	984	879	490	816	1145	619	568	592	1485	1191	967	2154	1171	1350	1504	377	956	978	898	733	883	1075	47	5	0	0	0	78	0	0	0	598	0	5	0	0	0	0	41	0	22	5	100	68	14	0	15	0	62	376	13	5	17	0	5	0	31	0	53	93	6	0	175	234	23	19	43	222	0	0	5	26	19	86	8	0	12	15	112	2104	47	28	43	79	18	9	0	23	53	682	36	34	12	20	4	18	18	72	21	57	24	0
ce31153cea8ed2ed4b78142de8f3bf49	27	348	35	19	16	185	15	53	19	55	390	11	119	36	0	72	39	28	10	79	199	90	169	256	65	140	104	85	31	28	29	250	64	45	71	41	48	39	111	85	143	182	167	231	400	165	119	40	61	16	69	116	112	31	86	97	64	48	95	159	240	0	0	19	0	11	25	0	7	31	470	0	0	0	75	0	56	0	0	39	398	34	44	0	15	3	26	43	0	0	21	0	0	0	62	0	30	13	0	0	43	12	11	9	8	0	0	0	0	0	1129	140	5	0	28	38	24	68	0	0	108	98	0	0	0	0	6	11	0	0	0	0	0	0	8	4	0	0	7	6
22297ddf6b82458608340900fa29f843	0	43	0	10	15	19	15	52	0	22	32	19	56	21	20	26	19	21	0	27	58	19	32	34	22	32	61	34	29	29	0	31	32	24	64	41	0	18	40	30	18	22	66	76	128	63	58	21	49	0	27	51	61	25	36	49	38	25	36	51	33	0	0	0	0	0	0	0	0	0	0	0	0	0	14	0	0	0	0	0	11	0	0	0	0	0	19	50	0	0	0	0	0	0	0	0	17	0	0	0	0	0	0	0	0	5	9	0	0	0	106	0	0	0	0	0	0	24	0	7	0	19	0	0	0	0	0	11	0	0	0	0	0	0	0	0	0	0	0	0
5d5f4a69deb37f1398a271f1218133e0	0	0	0	0	0	0	0	0	0	0	0	0	36	0	0	53	0	0	0	0	0	0	0	0	0	0	0	0	0	0	0	0	0	0	0	0	0	0	0	0	0	0	74	115	52	0	0	0	0	0	31	68	12	0	0	0	0	0	0	0	0	0	0	0	0	0	0	0	0	0	19	0	0	0	0	0	0	0	0	0	0	0	32	0	28	0	0	0	0	0	8	0	0	0	0	0	0	0	0	0	0	0	0	0	0	0	0	0	0	0	0	13	0	0	0	11	0	0	0	0	0	0	27	0	9	0	0	0	0	0	0	7	0	0	0	0	0	0	0	0
e67fd126a013c7f6612a8f7dc5bfb1ca	0	14	0	0	0	0	0	18	0	9	0	0	0	10	0	0	10	9	0	9	23	4	24	29	8	18	0	0	12	9	0	0	0	0	27	15	8	0	35	26	0	0	18	30	0	0	7	4	0	0	0	0	34	11	13	21	17	8	22	27	0	0	0	0	0	0	0	0	0	50	0	0	0	0	47	0	0	0	0	0	0	0	0	0	0	0	0	18	0	0	0	0	0	0	0	0	0	0	0	0	0	0	0	0	0	0	0	0	0	0	0	0	0	0	23	40	0	8	0	0	0	0	0	0	0	0	0	0	0	0	0	0	0	0	0	0	0	0	0	0
a99a596f0cbebb1bd067aede8ab05790	39	66	48	38	106	26	135	50	35	36	104	17	59	52	40	23	39	60	44	39	29	15	34	37	31	30	22	36	51	36	9	13	41	33	43	36	24	21	58	43	66	80	42	34	89	49	69	34	59	0	18	24	38	14	40	39	54	28	27	23	45	0	0	3	0	0	72	0	8	0	149	0	0	0	31	0	0	0	0	0	188	157	46	0	11	0	72	26	0	0	23	65	27	0	13	0	43	0	0	0	19	6	4	3	0	0	74	0	2	10	88	34	0	0	38	29	16	9	3	20	39	113	21	16	11	0	13	9	0	15	0	0	10	0	21	0	0	0	0	0
382c30a92804ccc404116a0ec3f8875e	9	14	23	13	32	0	46	11	0	15	35	0	25	14	0	0	11	14	0	14	14	0	0	0	0	0	12	0	14	0	0	13	16	0	0	0	0	0	19	16	27	28	22	13	32	0	16	8	21	10	0	0	19	0	13	15	0	0	0	0	0	0	0	0	0	0	20	0	0	0	48	0	0	0	17	0	17	0	0	0	110	0	0	0	34	0	25	0	0	0	0	0	0	0	0	0	0	0	0	0	0	0	0	0	0	0	12	0	0	0	22	33	0	0	0	0	0	0	0	0	10	0	0	0	0	0	0	0	0	0	0	0	0	30	0	0	6	0	4	0
6534ba21d17bd752bf5f5ba1bf1eaf29	0	0	0	0	0	0	81	0	0	0	187	0	0	0	0	0	0	0	0	0	0	0	0	0	0	0	0	0	0	0	0	0	122	70	0	0	0	0	5	5	85	206	0	0	0	0	0	0	0	0	0	0	0	0	4	0	0	0	0	0	0	0	0	0	0	0	0	0	0	101	0	0	0	0	0	0	0	0	0	0	116	0	0	0	0	0	0	0	0	0	0	0	0	0	0	0	0	0	0	0	0	0	0	0	0	0	0	0	0	0	0	0	0	0	0	0	0	0	0	0	45	172	0	0	0	0	0	0	0	0	0	0	0	0	0	0	0	0	0	0
5a9c4d7af6684ecc5f50bd8a0aa9b68f	156	970	32	46	272	590	181	2308	75	114	3155	35	28	333	111	434	226	324	103	1192	1779	1392	706	1324	41	114	303	269	1071	1815	86	1671	1246	1013	2399	2920	641	1193	257	292	1619	2911	990	1131	127	66	819	541	964	597	874	1551	1998	630	1597	1913	2572	974	1617	1714	22	0	187	0	0	112	17	13	0	514	52	0	0	0	20	0	18	0	0	0	19	160	6	0	0	0	20	160	97	0	0	0	0	0	16	12	12	16	19	0	6176	5896	19	95	8	51	15	0	73	112	5210	198	28	95	72	329	198	1589	12	41	53	47	27	0	16	55	36	405	20	78	9	14	0	9	21	118	29	100	25	24
486f7ab0a0dee71358b34aedb6fea416	23	54	0	18	36	25	49	34	0	0	0	0	27	34	27	20	27	0	15	0	89	64	33	47	44	67	0	0	56	0	14	40	39	60	53	55	0	0	26	52	59	38	50	39	50	0	60	0	60	68	43	59	69	41	44	51	108	66	72	65	0	0	0	0	0	55	0	0	0	58	0	0	0	0	0	0	0	0	0	0	0	0	0	0	0	0	0	0	0	0	0	0	0	0	0	0	0	0	0	0	8	0	0	0	0	0	0	0	0	0	82	0	0	0	0	0	0	71	0	0	0	0	0	0	0	0	0	18	0	0	0	0	0	0	0	0	0	0	0	0
8e73c6788fb092c2159311f87380b039	0	0	0	0	0	0	0	0	0	6	0	0	64	0	0	0	0	0	0	0	11	0	0	0	43	104	269	277	0	15	0	0	0	0	0	0	0	0	0	10	0	0	65	68	316	207	0	0	0	0	0	18	0	0	0	0	33	0	0	0	0	0	0	0	0	0	44	47	0	87	0	0	0	0	0	0	0	0	0	0	0	0	0	0	0	0	0	0	0	0	0	0	0	0	0	0	0	0	0	0	0	0	0	0	0	0	0	0	0	0	46	0	0	0	0	0	0	0	0	0	0	0	0	0	0	0	0	0	0	0	0	0	0	0	0	0	0	0	0	0
b87d65d0492d96b18302c9671f8a04d0	0	42	29	0	0	0	0	42	17	44	56	0	0	0	0	0	0	24	0	38	89	85	35	59	0	67	40	44	0	56	0	37	50	0	62	0	48	73	51	0	44	38	0	0	0	42	67	38	0	0	53	44	56	0	50	45	86	0	53	57	0	0	0	0	0	0	0	0	0	63	16	0	0	0	0	0	0	0	0	0	0	0	0	0	0	0	0	0	0	65	0	0	0	0	0	0	0	0	0	0	0	0	0	0	0	0	0	0	0	0	74	0	0	0	0	0	0	69	0	0	0	20	0	0	0	0	0	0	0	0	0	0	0	0	0	0	0	0	0	0
c5f5f35cd2d36a16af97c3741abb0ff2	0	0	0	0	0	28	0	212	0	0	0	0	0	0	0	0	0	0	0	0	0	0	0	0	0	0	29	0	0	0	0	75	0	0	433	156	0	0	0	0	0	0	0	0	0	0	0	0	0	0	0	0	0	0	0	0	0	0	0	0	0	0	0	0	0	0	0	0	0	17	12	0	0	0	11	0	0	0	0	0	0	0	0	0	0	0	0	0	0	0	0	0	0	0	0	0	0	0	0	0	0	0	0	0	0	0	0	0	0	0	217	12	0	0	101	118	0	0	0	0	0	0	0	0	0	0	0	0	0	0	0	0	0	0	0	0	0	0	0	0
d2e5f354eeb2f54ca2ce16931cd82411	50	571	87	30	59	110	42	658	12	497	0	18	53	176	108	272	73	77	38	165	968	652	477	1216	526	1423	437	510	337	427	37	458	331	416	1199	1065	163	320	882	905	57	84	448	451	135	108	580	436	948	939	677	1724	514	175	410	516	1016	608	196	250	146	0	164	3	227	195	68	83	0	370	54	0	4	0	209	0	0	0	8	0	4	0	7	0	0	0	29	235	49	0	18	0	0	0	32	0	23	35	0	0	2425	3462	79	38	163	553	17	0	44	71	1322	99	12	78	325	313	144	1262	46	103	9	14	30	11	8	39	35	496	304	76	12	12	14	12	16	38	57	25	25	0
fccbd0a08752b17f1937ffad5eb9c991	0	0	31	131	0	27	0	12	0	0	0	20	196	10	10	0	0	0	10	13	0	0	0	12	118	297	818	825	13	0	8	76	11	9	16	0	0	0	8	0	12	13	183	170	896	655	65	52	0	0	9	0	21	0	16	0	56	52	30	35	0	0	0	0	0	0	84	156	0	161	0	0	0	0	0	0	0	0	0	0	0	0	0	0	11	0	0	19	0	29	0	0	0	0	0	0	0	0	0	0	0	0	0	0	13	77	70	49	0	0	144	16	0	0	0	3	0	0	0	0	0	0	0	0	0	51	0	25	0	0	0	0	0	0	0	0	0	0	0	0
8f4aad731388bd1804c00960961c3398	40	108	28	20	19	50	18	88	3	49	70	7	3	36	25	14	53	22	33	47	160	99	67	125	67	178	78	71	122	65	5	67	54	69	87	132	59	53	164	81	59	84	162	149	6	0	62	64	51	13	66	129	179	68	36	43	155	99	97	109	0	0	0	0	0	46	2	0	0	0	0	0	0	0	0	0	0	0	0	0	0	0	0	0	0	0	0	0	0	0	0	0	0	0	0	0	0	0	0	0	0	0	0	0	0	4	0	0	0	0	103	6	0	0	0	0	0	98	0	0	0	0	7	0	0	0	0	14	0	2	0	0	0	0	0	0	0	0	0	13
1a777f855b2fc654c75ee3ffa810d77c	0	17	0	11	0	0	6	0	0	6	0	0	0	0	7	0	0	9	0	8	0	4	20	27	16	35	58	47	19	11	0	0	30	29	0	0	0	0	14	11	0	0	25	30	0	0	0	0	31	9	15	41	20	5	16	26	8	8	11	12	0	0	0	0	0	0	0	20	0	20	0	0	0	0	0	0	0	0	0	0	0	0	0	0	0	0	0	0	0	0	0	0	0	0	0	0	0	0	0	0	0	0	8	0	0	0	0	0	0	0	0	0	0	0	0	0	0	0	0	0	0	0	0	0	0	0	0	0	0	6	0	0	0	0	0	0	0	0	0	0
29c85314f6a8b10f330946a14aa88a77	0	0	0	0	0	0	0	0	0	0	0	0	0	38	0	0	0	0	0	0	0	0	0	0	0	0	0	0	0	0	0	0	0	0	0	0	0	0	0	0	0	0	0	0	0	0	0	47	0	0	0	0	77	0	37	73	0	0	0	0	0	0	0	0	0	0	0	0	0	161	0	0	0	0	0	0	0	0	0	0	0	0	0	0	0	0	0	0	0	0	0	0	0	0	0	0	0	0	0	0	0	0	0	0	0	0	0	0	0	0	0	0	0	0	0	0	0	79	0	0	0	0	0	0	0	0	0	0	0	0	0	0	0	0	0	24	0	0	0	0
6403c1db14026605cff139bec52eff58	0	0	0	0	0	0	0	0	0	0	0	0	0	112	101	0	73	90	0	0	0	8	0	0	0	0	0	9	0	5	0	0	0	0	8	0	93	170	0	0	0	0	15	0	17	0	101	105	82	171	0	16	183	84	108	209	12	0	0	7	0	0	0	0	0	0	0	0	0	206	0	0	0	0	0	0	0	0	0	0	0	0	0	0	0	0	0	64	0	0	0	0	0	0	0	0	0	0	0	0	0	0	0	0	0	0	0	0	0	0	0	0	0	0	0	0	34	170	0	0	0	0	0	0	0	0	0	60	0	0	0	0	0	0	0	0	0	0	0	0
b74580acabea981759348d8fd78a6f33	0	0	0	0	0	0	0	0	10	0	11	0	14	20	11	0	13	0	0	13	0	0	0	0	0	0	14	14	0	0	0	0	0	0	0	0	32	52	0	0	0	14	43	38	32	19	60	12	30	0	17	46	24	15	16	18	20	0	36	20	0	0	0	0	0	0	0	0	0	0	0	0	0	0	0	0	0	0	0	0	0	0	5	0	0	0	0	0	0	10	0	0	0	0	0	0	0	0	0	0	0	0	0	0	0	0	0	0	0	0	0	0	0	0	0	0	22	64	0	0	0	18	0	0	0	0	0	22	0	23	0	0	0	0	0	0	0	0	0	0
c7b71bc88cd2b96d649961540cb59172	0	5	12	0	8	23	0	4	4	58	0	3	3	36	26	0	21	20	24	65	89	102	44	96	48	166	114	128	90	104	3	71	86	104	80	77	27	79	126	125	0	0	98	67	10	30	23	149	29	108	78	250	106	85	39	93	116	97	96	143	0	0	14	0	0	13	0	37	0	49	7	0	0	0	0	0	0	0	0	0	0	0	0	0	0	0	6	12	0	0	0	0	0	0	0	0	0	52	0	0	5	51	4	22	2	20	4	6	0	6	52	0	0	16	0	0	5	133	0	0	0	2	0	0	0	0	0	58	2	0	4	0	0	0	0	0	0	0	0	2
20b31eacb86019dae06057bafec47d84	6	59	31	0	12	0	0	55	0	20	0	8	9	23	40	12	23	19	12	0	65	27	41	71	37	78	4	0	53	32	0	0	0	0	60	45	26	33	51	28	0	0	106	116	35	20	64	33	130	31	85	119	97	30	47	42	47	38	5	0	4	0	21	0	0	0	0	0	0	8	0	0	0	0	9	0	14	0	0	0	0	0	0	0	0	0	0	0	0	0	0	0	0	0	0	0	9	5	0	0	0	0	0	0	0	0	0	0	0	0	0	0	0	0	0	0	0	29	0	0	0	0	0	0	0	2	0	0	7	0	0	0	0	0	0	0	0	0	0	0
4bfd00821c8f0e7c1b1e774c00497da4	15	82	0	0	0	0	7	20	0	21	0	0	0	0	0	0	11	0	0	0	74	34	62	67	0	5	0	0	0	0	3	5	30	32	46	32	26	26	64	28	0	0	0	0	0	0	0	0	0	0	0	8	62	21	0	0	2	0	0	0	0	0	0	0	0	0	0	0	0	0	0	0	0	0	0	0	0	0	0	0	0	0	0	0	0	0	0	0	0	0	0	0	0	0	0	0	0	0	0	0	0	0	0	8	0	0	0	0	0	0	0	0	0	0	4	14	5	28	0	0	0	0	0	0	0	3	0	0	0	0	0	0	0	0	0	0	0	0	0	0
0685f0b0a740e567d2645372418fd452	15	0	0	0	0	0	0	0	0	41	0	9	17	38	0	23	16	17	13	42	62	43	0	0	0	7	0	0	69	42	0	28	59	46	0	0	10	38	83	63	0	0	74	77	65	30	88	55	95	34	41	74	80	24	75	68	50	60	43	49	0	0	0	0	0	0	0	0	0	40	0	0	0	0	0	0	0	0	0	0	0	0	3	0	0	0	16	18	0	0	0	0	0	0	0	0	19	26	0	0	0	0	0	0	0	0	0	0	0	0	152	0	0	0	0	0	17	57	0	0	0	0	0	0	0	3	0	44	0	0	0	0	0	0	0	0	0	0	0	0
0f57e5cd129f15bf00e16ac6db16d435	0	0	0	0	0	86	0	0	0	0	34	0	0	0	0	0	0	0	0	0	0	0	0	0	0	0	35	67	0	0	0	75	0	0	132	88	50	0	0	0	72	66	0	0	0	0	57	35	62	0	59	78	0	0	0	0	0	0	0	0	0	0	0	0	0	0	0	0	0	0	0	0	0	0	0	0	0	0	0	8	0	12	0	0	0	0	0	0	0	0	0	0	0	0	0	0	0	0	0	0	0	0	0	0	0	0	0	0	0	0	105	55	0	0	0	28	16	86	0	0	20	134	0	0	0	0	0	24	13	0	0	0	0	0	0	0	0	0	0	0
12e7b6fa672f5f00526b522d94498493	45	314	93	58	0	0	63	306	3	174	675	13	19	84	56	39	8	0	8	155	234	103	170	222	178	353	415	292	9	8	6	9	339	221	419	301	3	0	325	241	176	240	194	224	66	35	295	94	569	110	52	113	50	22	26	38	101	42	209	253	11	0	0	0	0	3	66	43	14	85	0	0	0	0	151	0	0	0	0	0	32	9	20	0	0	0	36	89	0	0	0	0	0	0	0	0	0	0	0	0	26	47	0	0	0	9	14	49	0	7	10	17	0	7	514	162	0	7	10	12	103	130	46	9	0	0	9	70	27	14	0	7	0	0	0	9	6	0	12	4
38ee4838cc2e78ad8a4aef7643045f3b	0	0	0	0	0	15	0	0	0	0	0	0	0	0	0	0	0	0	0	0	0	0	0	0	0	0	0	0	0	0	0	0	0	0	0	0	0	0	0	0	0	0	0	0	0	0	0	0	0	0	0	0	0	0	0	0	0	0	0	0	0	0	0	0	0	0	0	0	0	0	0	0	0	0	0	0	0	0	0	0	0	0	0	0	0	0	0	0	0	0	0	0	0	0	0	0	0	0	0	0	0	0	0	0	0	8	0	0	0	0	0	0	0	0	0	0	0	0	0	0	0	0	0	0	0	0	0	0	0	0	0	0	0	0	0	0	0	6	0	0
420db5e671e7a5bf06cca86b500675ed	0	0	0	0	0	0	0	0	0	39	0	0	0	0	0	0	0	0	0	0	75	45	64	70	0	80	33	0	0	45	0	0	0	0	0	0	0	0	62	39	0	0	48	48	0	0	0	0	0	0	0	0	78	0	0	0	58	0	0	0	0	0	0	0	0	0	0	0	0	0	0	0	0	0	0	0	0	0	0	0	0	0	0	0	0	0	0	0	0	0	0	0	0	0	0	0	10	0	0	0	0	0	0	0	0	0	0	0	0	0	0	0	0	0	0	0	0	0	0	0	0	0	0	0	0	0	0	0	0	0	0	0	0	0	0	0	0	0	0	0
6a056796e24637c5bf9f73cb8c175dcc	15	75	51	19	0	60	22	141	0	26	5	5	40	37	15	0	21	18	0	44	125	56	86	116	82	143	135	165	15	14	0	83	111	76	227	175	38	54	85	84	0	0	91	117	221	93	53	39	92	23	60	123	76	37	46	49	36	36	76	66	0	0	0	0	0	0	17	9	0	69	0	0	0	0	64	0	0	0	0	0	0	0	0	0	0	0	4	30	0	0	0	0	0	4	0	0	15	0	0	0	0	0	0	0	0	5	11	12	0	0	255	11	0	0	36	16	9	38	0	0	0	0	0	0	0	0	0	28	0	9	0	0	0	0	0	0	0	0	0	0
868687678319326a09302803e10ce390	0	0	0	0	0	0	0	0	0	0	0	12	27	22	0	0	39	34	16	55	0	0	0	0	0	0	0	0	0	0	0	0	63	89	0	0	0	0	0	0	0	0	51	62	37	36	37	21	41	0	44	88	110	43	77	64	94	59	82	75	0	0	0	0	0	0	0	0	0	0	0	0	0	0	0	0	0	0	0	0	0	0	0	0	19	0	0	0	0	0	0	0	0	0	0	0	0	12	0	0	0	0	0	0	0	0	0	0	0	0	0	0	0	0	0	0	0	0	0	0	0	0	0	0	0	0	0	0	0	0	0	0	0	0	0	0	0	0	0	0
9f9ca1bb6240d0064c9e17db97e0063f	5	7	0	0	82	0	25	0	13	7	0	29	155	38	18	310	90	72	38	87	20	15	0	15	0	10	14	12	248	261	6	0	80	54	12	10	145	111	12	8	9	7	265	352	352	186	196	54	78	36	243	477	369	96	473	412	355	165	120	87	0	0	0	0	0	5	0	0	0	8	0	0	0	0	0	0	22	0	0	19	0	0	0	0	98	0	27	40	0	28	27	0	11	0	106	0	39	30	0	0	0	11	0	0	3	0	0	0	0	0	0	8	6	0	4	6	94	126	0	0	0	0	96	43	0	8	8	27	0	0	4	0	0	0	71	74	20	0	4	0
a958c48096d8b0378444c48c1f214e09	19	44	39	0	13	0	0	0	0	89	30	20	34	0	30	0	63	43	31	86	208	103	105	102	115	77	58	48	159	85	0	0	0	48	103	60	0	51	170	82	60	56	167	149	92	80	37	0	0	0	0	0	198	103	104	77	141	93	70	61	22	0	0	0	0	0	0	0	0	46	0	0	0	0	8	0	0	0	0	0	0	0	0	0	0	0	0	0	0	0	0	0	0	0	0	0	0	29	0	0	0	0	7	0	0	9	0	0	5	0	115	0	0	0	0	0	0	0	0	0	0	0	0	0	0	9	0	0	0	0	0	3	0	6	0	0	10	17	0	0
ca15d68959d9a2529ccff389f6ea8ab2	0	0	0	12	0	0	0	0	0	0	0	0	0	0	0	0	10	0	0	0	0	0	0	0	0	0	16	14	0	0	0	0	0	0	0	0	0	0	0	0	0	0	8	0	0	0	0	0	0	0	0	0	18	0	0	0	0	0	0	0	0	0	0	0	0	0	0	7	0	0	0	0	0	0	0	0	0	0	0	0	0	0	0	0	0	0	0	20	0	0	0	0	0	0	0	0	0	0	0	0	0	0	0	0	0	0	0	0	0	0	0	0	0	0	0	0	0	8	0	0	0	0	0	0	0	0	0	0	0	0	0	0	0	0	0	0	0	0	0	0
ca98ce2e8b4987a335f5db5bc56aadb3	0	0	0	0	0	57	14	0	0	0	37	0	0	44	0	0	0	0	0	29	0	0	0	0	0	0	43	72	0	0	12	61	0	67	173	124	26	0	0	0	90	63	46	22	0	0	43	21	35	39	34	76	0	0	0	0	0	0	45	64	0	0	0	0	0	0	0	0	0	0	37	0	0	0	0	0	0	0	0	0	0	0	0	0	0	0	8	0	0	0	0	0	0	0	0	0	0	0	0	0	0	0	0	0	0	0	0	0	0	0	123	0	0	0	0	0	0	38	0	0	0	63	0	0	0	0	0	0	0	0	0	0	0	0	0	0	0	0	0	0
dff6c70b92c096b3d47c5165a6a1dccc	0	0	0	0	0	0	0	56	0	0	0	0	0	0	0	0	0	0	0	26	0	0	0	0	0	0	40	0	0	0	0	52	47	0	122	79	0	0	0	0	47	64	26	29	0	0	0	0	0	0	33	45	0	0	0	0	0	0	26	35	0	0	0	0	0	0	0	16	0	0	0	0	0	0	0	0	0	0	0	0	0	0	0	0	0	0	0	0	0	0	0	0	0	0	0	0	0	0	0	0	0	0	0	0	0	0	0	0	0	0	90	0	0	0	32	0	0	0	0	0	0	0	0	0	0	0	0	0	0	24	0	0	0	0	0	0	0	0	13	0
fba2b8daf57ec44a11e725314c993322	46	198	75	84	9	24	137	96	10	123	350	40	9	124	214	275	167	124	29	253	387	193	191	370	211	480	699	596	17	24	29	40	677	445	226	196	74	118	378	197	184	276	409	476	26	22	74	116	76	180	450	957	426	177	268	305	339	204	562	862	0	0	0	0	0	0	53	31	0	154	0	0	0	0	0	0	0	0	0	0	15	0	0	0	0	0	10	34	0	0	25	4	0	0	0	0	16	10	0	0	14	32	13	0	0	5	15	19	0	0	19	0	5	0	0	7	0	119	0	0	5	0	0	4	0	13	11	32	13	0	9	38	0	0	0	0	0	18	7	27
10dd7b5f83403770586a7228dcad038f	13	61	77	0	14	0	0	0	0	152	102	30	37	48	63	0	57	84	34	88	319	235	366	467	227	550	449	323	130	78	10	12	0	0	20	0	127	127	429	264	211	276	458	407	54	70	131	56	134	85	164	266	239	76	238	156	173	139	194	208	0	0	0	0	0	53	19	22	0	0	0	0	0	0	0	0	0	0	0	0	26	0	0	0	0	0	0	0	0	0	0	0	8	0	3	0	0	0	0	0	12	11	11	7	18	17	9	58	0	8	0	24	0	0	0	0	31	186	0	0	9	54	14	0	0	13	0	19	0	25	0	0	0	0	15	9	0	0	0	0
297fbbd26de94f3bd098dae8bbb720d7	0	39	8	15	0	22	19	57	0	16	172	0	21	14	10	7	11	8	0	23	73	33	38	37	13	39	95	65	21	18	0	23	66	43	72	71	24	23	37	28	80	114	41	84	95	37	31	16	59	14	17	35	41	14	25	43	21	21	47	42	5	0	0	0	0	0	8	11	7	90	0	0	0	0	11	0	0	0	0	0	34	0	0	0	0	0	0	0	0	0	0	0	0	0	0	0	0	0	0	0	0	0	0	3	0	0	0	0	0	0	79	0	0	6	0	0	0	26	0	0	0	0	0	0	0	0	0	0	0	0	0	0	0	0	0	0	0	0	0	0
beda9dac3b1bf7cafc47cf8c82773a83	14	119	10	47	12	26	18	131	0	132	54	0	35	33	20	16	13	7	4	104	523	3405	303	4130	202	4984	300	3302	186	4420	68	597	159	1676	294	2839	142	1956	292	3283	361	1771	445	952	400	1937	310	3450	445	3536	290	2178	531	3941	457	1226	478	5632	176	1566	12	0	164	4	0	29	34	0	8	571	15	0	17	0	65	4	0	4	4	4	5	7	4	7	40	0	11	20	0	21	12	6	0	0	13	10	14	14	0	0	19	86	11	23	13	43	21	66	4	7	522	15	7	0	42	38	36	247	0	4	16	60	0	0	0	8	12	217	4	20	0	0	0	11	7	16	6	16	14	124
5b545bfc53fcaa8c931b38ca639b8723	13	8	0	17	3	0	3	0	0	7	4	0	0	11	0	0	3	4	7	19	46	23	18	35	5	5	69	62	10	5	0	0	6	9	0	0	0	0	20	10	8	5	14	22	0	0	30	5	0	5	0	3	18	5	6	19	25	14	19	18	16	0	0	0	0	0	57	2	0	0	0	0	0	0	0	0	0	0	0	0	0	0	0	0	0	0	16	0	0	0	0	0	0	0	0	0	0	0	0	77	8	0	0	0	0	0	16	0	0	0	0	0	0	0	0	0	0	0	0	5	0	0	6	0	0	0	0	0	0	0	0	0	0	0	0	0	0	0	0	0
5292c821cfe1acf95776f9c23c584867	8	18	0	0	0	0	28	0	0	63	0	12	0	58	60	0	43	0	17	50	155	86	39	99	0	0	0	0	0	0	0	0	53	57	0	5	52	62	166	93	0	0	95	138	6	0	51	62	44	52	83	140	74	63	0	4	103	98	108	149	0	0	0	0	0	0	0	0	0	0	0	0	0	0	0	0	0	0	0	0	0	0	0	0	0	0	0	15	0	53	0	0	0	0	0	0	0	20	0	0	0	0	0	0	0	0	0	0	0	0	0	0	0	0	0	0	0	80	0	0	0	0	0	0	0	0	0	22	0	0	0	0	0	0	0	0	0	3	0	0
09f07b432611ac2f66e8a2ae91ef4a05	0	0	0	0	0	0	0	17	0	0	33	0	20	15	0	0	0	0	0	22	52	27	26	29	21	18	38	25	26	0	0	15	56	26	39	38	0	0	44	29	0	29	56	54	55	31	35	12	38	0	20	21	33	0	33	41	30	38	60	79	0	0	0	0	0	0	0	21	0	0	0	0	0	0	0	0	0	0	0	0	0	0	0	0	0	0	3	0	0	0	0	0	0	0	0	0	0	0	0	0	0	0	0	0	0	0	0	0	0	0	42	0	0	0	0	0	0	0	0	7	0	0	0	0	0	0	0	0	0	0	0	0	0	0	0	0	0	0	0	0
b529b759386d6c6ec7fc790ed5455482	0	26	0	0	0	0	0	27	0	8	24	0	0	12	0	9	9	0	0	16	44	18	50	57	12	32	26	21	16	11	0	0	16	11	52	41	13	16	20	15	24	33	22	23	19	0	36	23	11	11	15	37	39	12	55	72	13	11	28	23	0	0	0	0	0	0	0	0	0	0	0	0	0	0	10	0	0	0	0	0	0	0	0	0	0	0	0	0	0	0	0	0	0	0	0	0	0	0	0	0	0	0	0	0	0	0	0	0	0	0	0	0	0	0	9	0	0	18	0	0	0	0	0	0	0	0	0	13	0	0	0	0	0	0	0	0	0	0	0	0
e614dc4a4a2cc846e7c4c8a374523ca4	0	0	18	0	15	30	14	0	0	22	67	6	28	14	21	0	19	29	10	28	95	43	36	20	40	57	64	44	24	38	0	27	66	53	91	45	34	36	41	31	55	55	88	64	40	38	48	24	48	24	40	43	67	35	65	93	31	20	52	83	0	0	0	0	0	0	0	0	0	0	0	0	0	0	4	0	0	0	0	0	0	0	0	0	0	0	0	0	0	0	0	0	0	0	0	0	0	0	0	0	0	0	0	0	0	0	0	0	0	0	56	0	0	0	0	0	0	0	0	0	0	0	0	0	0	0	0	0	0	0	0	0	0	8	0	0	0	0	0	0
f2f9e78c08c77f67d6742362a6613f99	0	19	0	0	0	14	0	0	0	0	0	0	0	0	0	0	0	0	0	0	0	0	0	22	0	0	20	13	14	0	0	22	31	0	0	0	0	0	0	0	0	0	0	0	0	0	0	0	0	0	0	0	0	0	0	0	0	0	20	0	0	0	0	0	0	0	0	0	0	0	0	0	0	0	0	0	0	0	0	0	0	0	0	0	0	0	0	0	0	0	0	0	0	0	0	0	0	0	0	0	0	0	0	0	0	0	0	0	0	0	19	7	0	0	0	0	0	28	0	0	0	0	0	0	0	0	0	0	0	0	0	0	0	0	0	0	0	0	0	0
89b3dca141878c72b49966cdbbe62d31	20	58	41	0	21	70	35	84	10	63	81	16	29	37	32	15	59	50	16	96	149	76	141	169	47	82	103	93	88	68	0	139	172	122	185	150	83	90	142	98	188	145	154	92	39	33	123	56	84	39	133	225	195	74	108	131	68	84	205	237	0	0	0	0	10	0	0	0	0	87	5	0	0	0	13	3	0	0	0	0	16	0	0	0	0	0	0	19	0	0	0	41	3	0	0	0	0	0	0	0	0	0	0	0	0	0	0	0	0	0	273	0	0	0	0	0	24	73	0	0	0	0	0	0	10	0	0	35	0	0	0	0	0	0	0	0	0	0	0	0
8e53b0a0a0caf26211ef9cf398046a1e	13	41	34	29	39	44	36	72	0	62	103	36	166	82	57	23	72	58	22	53	334	167	206	201	107	179	117	97	155	109	14	67	131	101	98	73	83	108	258	133	160	165	444	344	225	163	184	82	217	94	126	254	206	81	170	222	146	132	106	116	6	0	0	0	0	26	19	0	0	68	0	0	0	0	0	0	0	0	0	45	34	0	0	0	0	0	0	38	0	0	0	0	0	0	0	0	11	0	0	0	11	0	4	0	0	7	0	5	0	0	110	11	0	0	15	0	0	111	5	0	8	26	2	8	0	0	7	33	0	0	5	0	0	13	0	0	0	0	2	3
b6a32368dd0383895365123a947ade68	17	16	0	0	15	17	0	0	0	21	31	5	0	21	0	0	24	24	19	23	56	14	39	15	0	0	0	0	37	15	0	16	0	0	0	0	9	6	55	19	42	32	52	34	0	0	46	9	0	0	0	0	53	9	41	39	25	13	30	17	0	0	0	0	0	0	0	0	0	0	0	0	0	0	0	0	0	0	0	0	0	0	0	0	0	0	0	0	0	0	0	0	0	0	0	0	0	0	0	0	0	0	0	0	0	0	0	0	0	0	45	0	0	0	0	0	0	8	0	0	0	0	0	0	0	0	0	7	0	0	0	0	0	0	0	0	0	0	0	0
a05be164f339e5ddfb384d253819ef3c	22	104	40	0	35	55	61	138	12	61	155	9	53	40	23	65	47	33	10	46	161	56	88	117	57	80	0	0	68	78	7	80	104	86	110	127	82	66	95	69	78	86	128	127	116	55	130	37	116	37	65	121	186	33	87	115	71	77	102	117	42	0	0	0	0	0	0	0	0	48	24	0	0	0	126	0	0	0	0	0	115	0	11	0	0	0	20	42	0	0	18	0	4	0	44	0	3	7	0	0	7	5	0	0	0	0	0	0	0	0	154	15	0	0	16	11	15	68	0	0	13	25	0	20	3	0	0	14	0	0	0	0	0	7	0	29	0	0	0	0
902505fbe59b6bec849d4f533229fe08	18	33	11	13	10	22	32	28	0	0	0	0	0	16	0	0	0	31	0	83	94	65	101	120	41	59	158	126	24	20	0	93	129	124	83	103	27	33	46	0	0	0	166	116	0	0	42	27	0	0	0	0	96	37	60	112	0	0	0	0	0	0	0	0	0	0	0	8	0	0	0	0	0	0	0	0	0	0	0	0	0	0	0	0	0	0	0	0	0	0	0	0	0	0	0	0	0	0	0	0	0	0	0	0	0	15	0	0	0	0	134	0	0	0	0	0	0	40	0	0	0	0	0	0	0	0	0	0	0	0	0	0	0	0	0	0	0	0	0	0
10ac7f46641443e5a1761723846e18bd	38	99	63	18	41	48	25	95	5	164	137	20	25	63	72	66	69	29	13	114	400	142	194	172	229	275	230	213	164	99	0	83	146	160	160	104	77	92	362	215	131	122	404	295	115	115	134	72	263	123	248	478	195	65	117	171	143	111	212	243	0	0	9	0	0	0	15	9	0	20	0	0	0	0	0	0	0	0	0	0	0	0	0	0	0	0	4	28	0	18	0	0	0	0	0	0	4	15	0	0	4	30	0	0	5	5	8	0	0	0	152	24	0	9	0	0	13	84	0	0	0	0	0	0	0	0	0	18	5	28	0	0	0	0	3	0	0	0	0	0
a6881dc765fad443adc37416dedbf0bd	12	44	29	14	35	0	15	30	8	66	44	15	20	68	44	10	65	0	20	51	104	49	204	173	78	95	161	131	85	70	10	6	215	96	195	125	37	52	260	125	141	116	172	99	46	80	158	61	61	64	138	246	274	78	11	0	195	116	128	96	0	0	0	0	0	0	9	20	0	0	2	0	0	0	37	0	0	0	0	0	0	0	23	0	0	0	0	0	45	0	0	0	0	0	0	0	0	0	0	0	0	0	0	0	0	0	0	0	0	0	0	0	0	24	25	9	7	75	0	0	0	0	0	0	0	0	0	44	7	0	0	0	0	0	0	0	0	4	0	6
d4656607d991fa3cdf75156062d47827	0	14	0	0	0	28	0	9	0	16	41	9	25	13	12	0	13	25	0	11	53	11	29	19	20	26	0	0	0	12	0	13	36	15	22	24	10	0	40	17	26	27	76	57	16	23	29	0	42	23	22	34	58	19	32	42	21	20	27	31	0	0	0	0	0	0	0	0	0	41	0	0	0	0	0	0	0	0	0	0	0	0	0	0	0	0	0	36	0	0	0	0	0	0	0	0	0	0	0	0	0	0	0	0	0	0	0	0	0	0	38	0	0	0	0	0	0	9	0	0	7	0	0	0	0	0	0	0	0	0	0	0	0	0	0	0	0	0	0	0
abf098f2d9f01785ee63ee68ae59fd2b	0	0	0	0	0	0	17	0	0	0	0	11	22	0	8	0	11	0	0	0	0	0	0	0	0	0	0	0	33	26	0	0	35	32	0	0	0	0	0	0	0	0	127	101	17	39	0	0	31	16	35	74	97	18	0	0	21	14	0	0	0	0	0	0	0	0	0	0	0	26	0	0	0	0	0	0	0	0	0	0	0	0	0	0	0	0	0	0	0	0	0	0	0	0	0	0	0	0	0	0	0	0	0	0	0	6	0	0	0	0	0	0	0	0	0	0	0	0	0	0	0	0	0	0	0	0	0	0	0	0	0	0	0	0	0	0	0	0	0	0
776bea930f56237625e5e187e85c9e66	12	17	0	0	0	53	0	0	16	0	0	29	0	11	0	0	24	24	0	27	0	0	63	87	20	52	92	73	32	69	0	169	92	49	164	60	37	49	24	0	0	0	257	234	0	0	50	38	0	0	49	95	98	25	99	80	26	19	106	110	0	0	0	0	0	148	0	0	4	73	11	0	0	0	0	0	0	0	0	0	0	0	0	0	0	0	0	0	0	0	0	0	0	3	0	0	0	0	0	0	0	0	0	0	0	0	8	0	0	0	472	10	0	0	0	6	0	43	0	0	0	0	7	0	0	0	0	0	0	0	0	0	0	0	5	0	0	0	0	0
8392427dc7cb0389b02b80fb4610565e	0	11	30	0	0	0	14	14	0	56	0	12	0	42	0	0	54	0	9	0	0	0	90	79	79	104	0	0	0	0	7	0	83	42	39	42	0	0	200	105	0	0	199	166	0	0	70	61	0	0	0	0	124	45	31	34	36	42	0	0	0	0	0	0	0	0	0	0	0	293	0	0	0	0	0	0	0	0	0	0	0	0	0	0	0	0	0	9	0	0	0	0	0	0	0	0	4	0	0	0	0	0	0	0	0	0	0	0	0	0	0	14	0	0	0	0	0	0	0	0	0	0	3	0	0	0	0	57	0	0	0	0	0	0	0	0	0	0	0	0
9185110189bb9414257def1c792fcee3	0	0	0	0	0	0	0	0	0	0	0	0	19	0	0	0	0	0	0	0	21	0	12	11	0	16	0	0	0	0	0	0	0	0	11	0	0	0	10	0	0	0	0	0	23	31	0	0	18	7	12	31	11	0	0	0	0	0	0	0	0	0	0	0	0	0	0	0	0	0	0	0	0	0	0	0	0	0	0	0	0	0	0	0	0	0	0	0	0	0	0	0	0	0	0	0	0	0	0	0	0	0	0	0	0	0	0	0	0	0	0	0	0	0	0	0	0	0	0	0	0	0	0	0	0	0	0	0	0	0	0	0	0	0	0	0	0	0	0	0
93f4d64afe2ceae00c5c2406e63bd856	0	25	0	0	13	33	6	40	0	28	0	8	14	39	20	0	15	8	11	37	102	73	41	71	57	160	138	190	107	62	6	96	29	59	112	242	70	107	89	47	0	3	148	179	0	87	0	51	0	52	27	215	22	22	20	97	151	155	22	37	0	0	0	0	0	0	0	8	0	0	0	0	0	0	8	0	0	0	0	0	0	0	0	0	0	0	0	8	0	0	0	0	0	0	0	0	0	0	0	0	0	0	0	0	0	8	0	0	0	0	10	0	0	20	0	0	4	128	0	0	0	0	0	0	0	0	0	10	0	0	0	30	0	0	0	0	0	0	0	0
b833072a1e068efc4eec7e9685db86db	26	44	20	44	62	34	20	32	21	97	196	31	273	58	57	17	50	71	38	68	359	173	139	182	117	145	799	425	248	122	12	67	263	151	89	70	146	111	235	131	151	219	191	155	33	331	70	60	90	133	158	340	189	75	153	180	189	150	251	213	0	0	0	0	0	37	10	28	0	113	0	0	0	0	9	0	0	2	0	0	12	45	0	0	10	0	0	26	0	35	0	0	0	0	0	0	0	35	0	0	5	11	0	3	0	9	6	36	0	0	100	17	0	0	7	8	0	167	0	0	14	0	6	2	0	20	0	39	0	9	0	7	0	0	5	5	0	0	3	0
df1edc3055b3ce1bc484745e9c49f083	11	15	0	6	8	34	24	45	0	15	0	13	0	0	11	8	11	23	6	46	160	73	86	78	39	42	103	50	52	40	0	40	129	84	248	163	34	31	62	17	0	0	84	76	0	0	0	23	0	18	68	79	14	15	47	76	44	47	132	120	0	0	0	0	0	0	6	0	0	114	0	0	0	0	10	0	0	0	0	0	0	0	0	0	0	0	0	0	0	0	0	0	0	0	0	0	0	14	0	0	0	13	0	0	0	0	0	0	0	0	42	0	0	0	0	0	0	54	0	0	0	0	0	0	0	0	0	0	0	0	0	0	0	0	0	0	0	0	0	0
fefdc37710a30ca2eece28824a5e3910	0	8	0	0	0	0	7	8	0	11	0	0	0	0	0	0	5	13	0	0	35	12	22	23	22	38	0	0	18	0	0	0	25	7	12	12	0	0	28	12	0	0	35	13	0	0	0	9	10	0	0	32	17	8	25	31	15	29	0	0	0	0	0	0	0	0	0	0	0	34	0	0	0	0	0	0	0	0	0	0	0	0	0	0	0	0	5	18	0	0	0	0	0	0	0	0	0	0	0	0	0	0	0	0	0	0	0	0	0	0	0	0	0	0	0	0	0	0	0	0	0	0	0	0	0	0	0	6	0	0	0	0	0	0	0	0	0	0	0	0
96d3ae5d507cb2a655ed8e37a0b6f653	0	41	30	12	32	92	68	61	0	65	0	52	0	75	61	26	58	42	28	81	160	50	134	89	90	90	159	79	122	64	0	161	267	125	317	193	89	99	150	80	11	12	261	230	0	0	230	52	128	66	139	193	171	63	106	120	117	85	95	95	0	0	0	0	4	0	17	0	0	36	0	0	0	0	13	0	0	0	0	0	0	0	0	0	0	0	0	54	0	46	0	0	0	0	0	0	10	0	0	0	0	0	0	0	12	0	0	0	0	0	419	0	0	0	10	0	12	91	0	10	0	0	0	0	0	0	0	52	7	0	0	0	0	0	0	0	0	0	0	0
98afab18d993f8ea6af94e153e3916f6	0	9	7	0	0	0	0	10	0	11	53	0	7	16	0	0	17	29	0	0	31	21	25	73	33	53	8	6	37	27	0	0	31	27	38	31	13	30	20	12	86	91	25	35	19	18	29	13	16	11	37	48	62	15	23	26	63	27	14	15	0	0	0	0	0	0	0	0	0	7	0	0	0	0	0	0	5	0	0	0	50	0	0	0	0	0	0	16	0	0	0	0	0	0	0	0	0	0	0	0	0	18	0	0	0	25	0	0	0	0	0	0	0	0	5	0	0	56	0	0	5	0	0	0	0	0	0	0	0	0	0	0	0	0	0	0	0	0	0	0
eb3fee22a213a8bff127cde1bc0622b6	10	25	13	0	86	23	24	53	4	25	25	11	52	21	49	23	34	16	21	51	32	50	32	55	53	152	32	35	60	98	7	60	154	115	106	149	53	109	63	62	24	60	126	132	109	134	99	146	277	245	129	268	245	79	74	99	141	93	113	232	0	0	0	0	0	0	2	0	0	21	0	0	0	0	13	0	0	0	0	0	0	0	5	0	16	0	0	14	0	0	0	0	0	0	0	0	0	0	0	0	0	0	0	0	0	17	0	0	0	0	88	11	0	0	0	0	23	149	0	3	0	0	0	0	0	12	6	46	0	10	0	0	0	0	0	24	0	5	0	0
7e48b305ebd79779f2e773f3dd400d68	41	274	112	77	134	138	59	231	26	415	0	75	11	154	217	99	139	106	20	288	1029	358	391	492	444	666	1357	1058	578	353	38	401	692	300	839	721	266	207	1131	698	21	39	840	725	29	30	315	146	430	265	483	715	634	228	330	458	228	178	716	689	53	0	11	0	0	8	221	54	30	0	30	0	0	0	534	121	36	6	56	10	0	0	9	0	0	0	36	23	0	0	22	0	27	20	70	0	10	0	0	0	39	24	12	55	0	5	22	13	5	12	617	47	0	0	113	98	49	281	8	28	0	0	32	34	0	13	7	18	12	34	2	4	0	11	15	14	5	16	7	8
5a631d72dd9a6199bb4915441887ef1d	0	0	0	0	0	0	0	116	0	0	0	0	153	0	16	39	0	0	18	0	39	30	47	31	15	19	0	0	0	0	0	0	0	0	154	87	0	0	51	0	0	0	0	12	180	108	0	0	34	21	51	109	0	0	65	66	52	45	43	46	57	0	0	0	0	0	0	0	0	0	0	0	0	0	104	12	0	0	0	0	0	0	0	2	0	0	0	0	0	0	0	0	0	0	46	0	41	0	0	0	0	0	0	0	0	0	0	0	0	0	0	0	0	0	64	75	0	0	0	0	0	0	0	0	6	0	0	0	0	0	0	0	0	0	0	0	0	0	0	0
80774e3dbebe257a26fed02a4579e2b4	6	23	5	3	22	0	19	17	0	28	29	0	11	0	13	14	8	0	0	17	96	68	26	241	32	193	36	90	47	222	0	77	39	70	30	93	30	43	60	121	32	88	56	115	42	45	61	86	68	48	48	130	95	83	48	82	127	118	39	100	0	0	0	0	0	0	0	0	0	12	21	0	0	0	0	0	0	0	0	0	0	0	0	0	0	0	0	0	0	0	9	0	0	0	0	0	0	0	0	0	0	0	0	0	0	0	0	0	0	0	118	0	0	0	0	12	0	21	0	0	0	25	0	0	0	0	0	14	0	0	0	0	0	0	0	0	0	0	0	0
9d74a7f408ffedaf803c708e09663a5b	12	33	7	0	0	26	8	9	0	17	244	7	225	18	16	40	24	21	13	57	74	24	37	53	21	35	13	21	44	32	0	61	68	26	32	41	26	27	60	43	285	333	51	58	145	230	75	35	37	15	63	92	64	30	42	65	85	61	99	68	0	0	0	0	0	0	0	0	0	0	0	0	0	0	0	0	0	0	0	0	63	0	12	0	45	0	0	0	0	0	0	0	0	0	0	0	0	5	0	0	0	0	0	0	4	0	0	0	0	0	103	29	0	0	0	0	7	38	0	0	12	0	0	0	0	0	0	0	0	0	0	0	0	0	0	0	0	0	0	0
f4b9dde469fd62deb1abeed6b91eafa1	8	35	11	0	0	29	9	126	0	17	0	0	159	0	13	55	22	31	0	50	47	0	0	31	12	18	45	32	0	0	0	62	54	33	133	98	52	36	0	23	0	0	0	0	209	118	0	0	45	0	54	110	50	18	54	61	55	39	38	43	0	0	0	5	0	0	9	0	0	35	23	0	0	0	89	0	0	0	0	0	0	0	0	0	0	0	0	0	0	0	23	0	0	0	0	0	0	0	0	0	12	0	0	0	0	0	0	3	0	0	199	24	6	0	67	0	11	39	0	0	0	0	0	0	0	0	0	0	0	0	0	0	0	0	25	28	0	0	0	0
9a8592fe7c52b0cb2610c86f5a365eb0	0	0	0	5	0	0	0	0	0	0	0	0	0	3	0	0	0	4	4	0	0	0	0	0	0	0	23	38	0	0	0	0	0	0	0	0	0	0	0	0	0	0	0	0	0	0	10	6	0	0	0	0	11	10	2	0	15	7	0	0	0	0	0	0	0	0	0	0	0	32	0	0	0	0	0	0	0	0	0	0	0	0	0	0	0	0	0	0	0	71	0	0	0	0	0	0	0	0	0	0	0	0	0	0	0	0	0	0	0	7	0	0	0	0	0	0	0	0	0	0	0	0	0	0	0	0	0	3	0	0	0	0	0	0	0	0	0	0	0	0
15c4384c3a176efe6eac7bf5c44d45b8	0	17	0	0	0	0	20	0	0	0	0	0	0	19	0	11	0	0	0	0	0	0	0	39	0	40	0	0	0	0	0	0	42	0	0	0	0	68	0	0	0	0	55	0	0	0	0	0	0	0	0	0	0	0	0	30	0	0	0	32	0	0	0	0	0	0	0	0	0	0	0	0	0	0	0	0	0	0	0	0	0	0	0	0	0	0	0	0	0	0	0	0	0	0	3	0	0	0	0	0	0	0	0	0	3	2	0	0	0	0	0	0	0	0	0	0	0	0	0	0	0	0	0	0	0	0	0	0	0	0	0	0	0	0	0	0	0	0	0	0
84c2b2a5c162438f7c3a10816b208fba	0	0	0	0	0	0	0	0	0	2	0	0	0	0	0	0	0	0	0	0	6	0	0	0	13	20	0	0	0	0	0	0	0	0	0	0	0	0	11	0	0	0	0	0	0	0	0	0	0	0	0	0	0	0	0	0	0	0	0	0	0	0	0	0	0	0	0	0	0	0	0	0	0	0	0	0	0	0	0	0	0	0	0	0	0	0	0	0	0	0	0	0	0	0	0	0	0	0	0	0	0	0	0	0	0	0	0	0	0	0	0	0	0	0	0	0	0	0	0	0	0	0	0	0	0	0	0	0	0	0	0	0	0	0	0	0	0	0	0	0
943e10e716002ca836f9f5e3278a6621	0	0	18	6	20	0	0	0	0	48	68	8	67	0	25	0	15	16	18	43	68	52	38	43	53	71	97	64	69	64	5	0	74	54	0	7	24	0	109	45	66	93	107	117	64	58	35	45	94	52	59	144	55	38	34	59	89	88	90	75	0	0	0	0	0	0	6	0	0	12	0	0	0	0	0	0	9	0	0	0	14	0	0	0	0	0	0	0	0	4	0	0	0	0	0	0	0	0	0	0	0	0	0	0	0	0	0	0	0	0	0	5	0	0	0	0	0	79	0	0	0	0	0	0	0	0	0	13	0	2	0	0	0	0	3	0	0	2	0	0
50fadc1d0d8871fc2aa411188e84e269	4	0	5	0	0	0	0	0	0	0	9	0	0	0	0	0	6	0	0	0	12	0	19	11	4	0	0	0	0	0	0	0	0	0	0	0	0	4	7	0	9	0	6	9	20	4	9	0	8	0	5	13	10	0	0	0	0	0	8	0	0	0	0	0	0	0	0	0	0	0	0	0	0	0	0	0	0	0	0	0	0	0	0	0	0	0	0	0	0	0	0	0	0	0	0	0	0	0	0	0	0	0	0	0	0	0	0	0	0	0	11	0	0	0	0	0	0	0	0	0	0	0	0	0	0	0	0	0	0	0	0	0	0	0	0	0	0	0	0	0
a9128753dca35bb629f1fa84a6f8f064	6	18	10	7	9	20	0	22	3	16	17	5	18	18	5	6	8	9	12	18	52	37	25	61	8	34	19	22	30	22	0	34	15	30	36	15	16	20	46	26	43	65	64	84	76	35	43	22	34	14	25	79	56	21	24	38	40	44	13	50	7	0	0	0	0	16	7	0	0	11	0	0	0	0	0	0	0	0	0	0	0	0	0	0	0	0	2	0	0	0	0	0	0	0	0	0	0	0	0	2	0	0	0	0	0	0	0	0	0	0	136	10	0	0	6	4	8	28	0	0	0	0	4	0	0	0	0	4	0	10	0	0	0	0	0	0	0	0	0	0
207aeb727b65721b4e6437c671e960c5	4	31	9	0	0	8	7	0	0	4	0	0	16	0	4	16	3	2	0	18	34	14	19	26	17	20	26	17	2	0	0	21	22	8	0	0	0	0	30	13	0	0	40	32	40	23	0	0	31	6	31	29	39	5	17	17	12	0	27	21	7	0	0	0	0	0	0	0	0	0	0	0	0	0	0	0	0	0	0	0	0	0	0	0	0	0	0	0	0	0	0	0	0	0	0	0	0	0	0	0	0	0	0	0	0	0	0	0	0	0	64	0	0	0	0	0	0	0	0	0	0	0	0	0	0	0	0	0	0	0	0	0	0	0	0	0	0	0	0	0
28c485658f2b55b80831a82657297cf2	0	0	0	0	0	0	0	0	0	3	0	0	0	2	0	0	0	0	0	0	10	4	0	2	0	0	10	10	0	0	0	0	0	5	0	0	9	12	8	6	0	0	5	8	0	0	9	0	6	0	0	0	9	0	13	14	7	3	0	0	7	0	0	0	0	0	0	0	0	0	0	0	0	0	0	0	5	0	0	0	0	0	0	0	0	0	7	3	0	0	0	0	6	0	5	0	0	0	0	0	7	0	0	0	0	0	2	0	0	0	0	0	0	0	0	0	0	13	0	0	0	0	0	0	0	0	0	0	0	0	0	0	0	0	0	0	0	0	0	0
548ecb0e165845e82e5ff17d050369e2	3	9	17	13	11	0	44	30	5	8	0	0	0	14	9	8	11	0	0	6	10	0	6	6	4	13	14	11	9	8	0	0	16	18	22	7	6	0	19	10	0	0	9	0	0	0	12	4	16	0	11	20	17	0	6	5	13	6	12	9	0	0	0	0	0	0	0	0	0	0	0	0	0	0	0	0	0	0	0	0	0	0	0	0	0	0	0	0	0	0	0	0	0	0	0	0	0	0	0	0	0	0	0	0	0	0	0	0	0	0	0	0	0	0	7	0	0	0	0	0	0	0	0	0	0	0	0	3	0	0	0	0	0	0	0	0	0	0	0	0
cafec65c803c8f0b7e11bdc1d7d5b482	7	86	12	10	13	19	15	58	4	21	0	0	32	20	21	20	12	5	9	28	112	39	51	74	37	81	68	56	41	37	6	23	46	39	58	72	38	46	101	54	0	0	99	95	82	46	84	30	136	27	70	71	119	21	69	80	86	46	56	60	13	0	0	0	0	0	17	10	11	40	13	0	0	0	50	0	14	0	0	0	0	0	0	0	35	0	8	0	0	0	0	0	0	39	0	0	15	18	0	0	5	4	2	0	0	8	4	0	0	14	67	0	0	0	28	9	7	26	0	0	0	0	0	0	5	3	0	15	0	13	0	0	0	0	0	0	0	0	0	0
1caf8b7ccb50032f2d7649c090f376c2	0	0	0	0	0	0	0	0	0	0	0	0	0	0	0	0	0	0	0	0	0	0	0	0	0	0	0	0	0	0	0	0	0	0	0	0	0	0	0	0	0	0	0	0	0	0	0	0	0	0	0	0	0	0	0	0	0	0	0	0	0	0	0	0	0	0	0	0	0	0	0	0	0	0	0	0	0	0	0	0	0	0	0	0	0	0	0	0	0	0	0	0	0	0	0	0	0	0	0	0	0	0	0	0	0	0	0	0	0	0	0	0	0	0	37	0	0	0	0	0	0	0	0	0	0	0	0	0	0	0	0	0	0	0	0	0	0	0	0	0
4af742c077ce95f2669a20d8ca55e226	0	0	0	0	0	0	0	0	0	0	0	0	0	0	0	0	0	0	0	0	14	8	0	0	0	5	11	11	20	0	4	0	0	0	10	0	0	0	0	4	0	0	0	0	7	0	6	0	0	0	6	14	0	0	10	6	0	0	0	0	5	8	0	6	11	63	0	0	9	7	0	167	29	0	0	10	0	20	94	0	14	12	0	13	13	27	7	79	9	0	0	13	9	10	0	15	0	14	0	24	5	129	0	52	18	27	9	0	4	20	15	182	17	19	204	32	16	24	0	16	0	20	7	17	9	43	8	41	19	41	0	38	0	11	5	19	91	27	7	173
a3b5cd84bfb6f92499767960d058bef1	6	0	0	0	0	0	4	0	0	0	6	0	0	0	0	0	0	0	0	0	0	0	0	8	0	0	0	0	26	5	0	4	0	7	9	7	0	6	0	0	11	12	14	10	0	13	8	0	12	0	0	7	7	0	5	0	0	15	0	8	5	17	0	21	10	78	5	6	14	0	11	194	37	0	0	15	7	17	49	27	16	7	8	5	12	25	0	76	16	3	16	21	0	0	13	13	8	15	6	34	9	177	8	39	21	29	8	7	7	28	23	167	37	12	273	34	19	31	17	17	18	32	12	13	0	47	12	57	22	39	19	49	0	12	0	20	82	30	10	176
177babd43f56c819cf2041c3c0db9749	0	0	5	0	0	0	0	0	0	0	0	0	0	0	0	0	0	0	0	0	0	0	0	0	0	0	0	0	10	0	0	0	0	0	0	7	0	0	0	0	3	0	0	11	0	0	0	0	0	0	0	5	0	0	4	0	3	6	0	0	0	7	0	0	0	11	0	0	0	0	0	47	13	0	2	0	0	48	15	10	8	0	0	4	0	0	0	28	7	0	0	0	0	0	0	9	0	0	0	9	4	50	3	12	0	9	0	0	0	6	0	42	10	3	82	16	0	0	0	6	3	11	0	7	0	24	7	15	0	12	0	9	0	0	0	7	32	8	0	70
