#OTU ID	F_WT412_10	F_WT433_10	F_WT437_10	F_WT438_10	F_WT439_10	F_WT451_10	F_WT456_10	F_WT471_10	F_WT484_10	F_WT485_10	F_WT519_10	F_WT521_10	F_WT522_10	F_WT532_10	F_WT549_10	F_WT562_10	F_WT573_10	F_WT580_10	F_WT590_10	F_WT592_10	F_WT412_CC	F_WT412_CL	F_WT433_CC	F_WT433_CL	F_WT437_CC	F_WT437_CL	F_WT438_CC	F_WT438_CL	F_WT439_CC	F_WT439_CL	F_WT451_CC	F_WT451_CL	F_WT456_CC	F_WT456_CL	F_WT471_CC	F_WT471_CL	F_WT484_CC	F_WT484_CL	F_WT485_CC	F_WT485_CL	F_WT519_CC	F_WT519_CL	F_WT521_CC	F_WT521_CL	F_WT522_CC	F_WT522_CL	F_WT532_CC	F_WT532_CL	F_WT549_CC	F_WT549_CL	F_WT562_CC	F_WT562_CL	F_WT573_CC	F_WT573_CL	F_WT580_CC	F_WT580_CL	F_WT590_CC	F_WT590_CL	F_WT592_CC	F_WT592_CL	F_WT412_DC	F_WT412_DL	F_WT433_DC	F_WT433_DL	F_WT437_DC	F_WT437_DL	F_WT438_DC	F_WT438_DL	F_WT439_DC	F_WT439_DL	F_WT451_DC	F_WT451_DL	F_WT456_DC	F_WT456_DL	F_WT471_DC	F_WT471_DL	F_WT484_DC	F_WT484_DL	F_WT485_DC	F_WT485_DL	F_WT519_DC	F_WT519_DL	F_WT521_DC	F_WT521_DL	F_WT522_DC	F_WT522_DL	F_WT532_DC	F_WT532_DL	F_WT549_DC	F_WT549_DL	F_WT562_DC	F_WT562_DL	F_WT573_DC	F_WT573_DL	F_WT580_DC	F_WT580_DL	F_WT590_DC	F_WT590_DL	F_WT592_DC	F_WT592_DL	F_WT412_IC	F_WT412_IL	F_WT433_IC	F_WT433_IL	F_WT437_IC	F_WT437_IL	F_WT438_IC	F_WT438_IL	F_WT439_IC	F_WT439_IL	F_WT451_IC	F_WT451_IL	F_WT456_IC	F_WT456_IL	F_WT471_IC	F_WT471_IL	F_WT484_IC	F_WT484_IL	F_WT485_IC	F_WT485_IL	F_WT519_IC	F_WT519_IL	F_WT521_IC	F_WT521_IL	F_WT522_IC	F_WT522_IL	F_WT532_IC	F_WT532_IL	F_WT549_IC	F_WT549_IL	F_WT562_IC	F_WT562_IL	F_WT573_IC	F_WT573_IL	F_WT580_IC	F_WT580_IL	F_WT590_IC	F_WT590_IL	F_WT592_IC	F_WT592_IL
249956abc9a2b00cf369b0b5cc0ffecd	0	0	0	0	0	0	0	0	0	0	0	0	0	0	0	0	0	0	0	0	0	0	0	0	0	0	0	0	0	0	0	0	0	0	0	0	0	0	0	0	0	0	2	0	0	0	0	0	0	0	0	0	0	0	0	0	0	0	0	0	0	0	0	0	0	0	0	0	0	0	0	0	0	0	85	0	9	0	11	0	0	0	0	0	0	0	27	0	74	0	16	3	0	0	0	0	248	0	5	0	2	0	39	0	0	0	0	0	0	0	0	0	22	0	26	0	8	0	0	0	8	0	15	0	0	0	0	2	0	0	25	0	4	0	3	0	0	0	0	0
220489abfe67f6c5468257fbfe8da245	0	31	29	25	16	112	47	64	34	38	32	34	58	30	36	25	27	47	8	17	16	0	41	13	21	0	0	0	0	18	90	34	33	12	72	17	39	0	32	0	41	27	65	0	110	17	77	11	44	32	21	0	62	29	26	0	17	0	28	0	117	14	655	0	451	0	108	0	242	0	0	0	93	0	42	0	145	0	94	0	130	0	180	32	481	0	0	0	288	0	122	0	0	0	127	0	42	8	175	0	62	0	83	0	189	59	310	55	183	103	42	29	183	23	355	0	203	0	0	15	453	32	604	60	65	53	0	0	275	0	1035	35	213	18	303	0	0	38	46	89
60de440009ba631a5d5a70441994ad33	36	54	148	103	66	28	76	136	79	103	56	64	42	53	68	41	110	216	68	52	70	34	51	0	50	29	31	27	44	41	23	15	67	0	187	44	67	12	73	15	67	0	159	25	42	15	116	17	55	46	66	17	133	67	75	49	87	34	66	8	485	0	1350	27	1512	0	238	14	798	13	0	0	192	9	152	0	260	4	390	46	301	0	365	62	156	0	15	0	328	0	300	0	49	0	289	198	387	0	551	7	229	29	142	21	678	22	594	75	1015	471	0	39	574	71	993	27	387	24	20	0	852	49	900	148	56	17	17	42	467	34	2549	149	346	48	1600	29	26	144	91	310
e920aec39d0ec8b823fb4b5b26a71b57	0	0	17	0	0	0	0	15	0	0	0	0	0	0	0	0	0	0	0	0	0	0	0	0	0	0	0	0	0	0	0	0	0	0	20	0	20	0	0	0	0	0	12	0	0	0	15	0	0	0	0	0	0	0	0	0	11	0	0	0	0	0	71	0	109	0	0	0	104	0	0	0	0	0	39	0	26	0	84	0	0	0	23	0	47	0	0	0	38	0	26	0	5	0	0	0	45	0	22	0	0	0	0	0	58	0	39	0	43	44	0	0	59	0	64	0	77	28	0	0	40	0	69	11	0	0	0	0	28	0	136	29	18	47	76	0	0	0	0	30
378d2f759615631ec0dcb302a7203e86	0	3	26	0	0	3	0	0	0	5	0	0	2	0	6	0	0	0	0	0	0	0	11	0	13	6	0	2	0	0	8	3	0	0	8	4	0	0	9	0	3	0	0	0	0	0	0	0	10	12	0	0	0	0	0	0	0	0	0	0	6	2	181	0	485	0	11	0	26	0	0	0	0	0	3	0	2	0	74	0	23	0	0	0	57	0	0	0	120	0	0	0	0	0	4	0	0	0	0	0	0	0	0	0	94	54	26	7	5	0	6	4	3	0	21	0	3	0	0	0	4	0	2	0	0	0	0	0	70	0	51	0	7	0	5	0	0	0	0	0
61ee083dd3bea539756859015c1c40e5	43	65	40	83	81	55	32	163	19	75	4	21	60	3	62	42	68	8	0	25	48	22	147	42	21	12	58	48	95	97	97	44	43	5	362	169	53	11	189	51	8	6	104	33	79	45	43	15	45	70	55	35	342	78	23	18	18	4	151	14	167	52	2531	47	595	0	831	33	2805	23	0	147	65	0	277	9	124	0	961	0	1212	0	853	17	1560	9	129	0	580	4	916	0	367	0	213	0	9	47	4346	0	103	24	93	11	115	21	938	246	808	1429	37	34	165	16	803	20	103	32	16	10	11	14	1017	153	51	93	11	3	176	25	3430	396	389	52	129	18	11	18	164	686
8668df7469b7ab0b7823b11be8c21ad2	0	0	0	0	0	0	0	0	0	0	12	5	0	8	0	6	0	19	0	0	0	0	0	0	0	0	0	0	0	0	0	0	8	5	4	0	0	0	0	0	12	0	11	0	0	0	19	10	0	0	0	0	0	0	21	0	9	0	0	0	19	0	116	0	7	0	0	0	0	0	0	0	29	0	0	0	0	0	47	0	19	12	76	18	0	0	0	0	0	0	0	0	0	0	40	0	94	0	26	0	14	0	24	0	0	0	0	0	0	5	0	0	192	10	12	0	0	0	0	0	48	0	134	0	0	0	0	0	0	0	128	18	0	0	59	0	0	12	0	10
a6bd10e64701aefb0e95e885e1e03dc7	0	0	0	8	0	11	11	0	0	14	8	0	0	0	0	7	11	0	0	6	0	0	0	0	0	0	5	0	0	0	9	9	9	0	0	0	8	0	5	0	11	0	10	0	0	0	15	0	20	10	21	0	24	10	0	0	0	0	17	4	0	0	96	3	16	0	0	0	26	0	0	0	16	0	0	0	27	0	77	0	0	0	9	0	36	0	0	0	31	0	0	15	6	0	0	0	0	0	198	0	0	0	13	0	0	0	19	0	6	38	0	5	33	0	7	0	28	10	0	0	61	12	43	8	0	10	0	0	53	0	539	24	27	0	0	0	0	6	24	149
0ebff951367c8655ca7579ce3bc3d983	255	252	454	325	830	625	881	227	1616	399	248	120	552	415	1465	143	193	708	131	95	751	578	1231	479	663	270	146	126	1169	1333	1731	836	3664	355	861	267	2237	420	826	200	460	313	832	672	574	626	1841	1098	384	449	974	719	818	438	1697	881	383	121	309	43	0	0	181	65	50	0	504	154	25	0	112	0	217	0	0	124	0	0	0	0	0	0	20	0	15	0	268	228	0	19	36	0	0	0	0	227	0	0	0	0	0	0	0	0	5	0	0	0	8	18	828	980	8	0	0	0	7	0	0	0	0	0	0	0	590	14	0	0	6	13	50	49	0	0	9	0	0	0	260	7
4d65579d390257cdb0d61d5ef5719a00	227	111	506	353	225	179	219	256	624	243	169	45	291	123	377	52	128	246	89	122	760	593	585	255	596	241	208	171	279	349	567	287	981	93	1178	443	781	149	562	125	341	225	401	285	294	400	551	327	145	215	314	214	568	305	638	335	371	114	527	72	0	0	0	0	0	0	88	172	0	0	0	0	0	0	0	0	0	0	0	0	0	7	0	0	0	0	0	94	0	0	0	0	0	0	0	132	0	14	0	0	0	0	0	0	0	8	0	10	0	0	245	277	0	0	0	0	0	6	0	0	0	83	0	49	326	0	4	26	0	0	0	0	0	0	0	0	20	0	456	0
2c73d747db85aef442c1e09b444690de	264	720	621	759	615	603	1140	357	877	188	337	80	430	709	766	272	425	358	579	133	963	675	2584	1329	1535	576	335	293	544	813	1706	983	4893	551	863	332	1390	202	412	103	635	486	857	714	324	591	3936	2306	153	267	1259	1094	2207	1055	1354	649	1472	479	959	144	0	0	0	0	61	0	262	306	0	0	0	0	348	57	0	135	0	0	0	5	0	0	81	0	0	0	13	194	0	0	162	52	0	0	64	325	0	0	0	0	0	0	0	0	0	19	0	0	3	0	723	931	0	27	0	6	0	0	0	0	0	52	0	0	364	0	50	74	7	38	57	18	7	0	0	0	12	0	1252	0
c67124a3106cce93d7818425aec1fd91	0	0	0	0	0	0	0	173	263	55	531	145	1223	0	0	0	0	146	0	0	0	0	0	0	0	0	0	0	0	0	130	90	0	0	670	286	341	64	89	0	934	726	1426	1157	777	1403	0	0	0	0	0	0	0	0	375	170	0	0	0	0	0	0	0	0	0	0	0	0	0	0	0	0	0	0	0	0	0	0	0	0	0	0	0	0	0	0	0	0	0	0	0	0	0	0	0	0	0	0	0	0	0	0	6	0	0	0	0	0	0	0	70	0	0	0	0	0	0	0	10	0	12	51	11	67	957	0	0	0	0	0	0	0	0	0	12	0	0	0	0	0
83c2bf2a737e15852ade1c904499de4d	0	171	0	0	6	0	0	0	925	662	8	0	0	0	4	0	3	0	2	0	0	0	862	713	4	4	0	0	0	0	2	0	65	0	4	3	1840	573	873	333	5	0	0	5	0	7	9	5	393	872	2	0	3	3	6	6	15	7	0	0	0	0	0	0	0	0	0	0	0	0	0	0	0	0	0	0	0	0	0	0	0	0	0	0	0	0	30	234	0	0	0	0	0	0	0	0	0	0	0	0	0	0	0	33	0	0	0	0	0	0	0	0	0	0	0	0	0	0	10	0	0	0	0	0	0	0	0	153	0	71	0	0	0	0	0	0	0	0	0	0
836d6c23a03d353068b8aeb95e9911d4	0	78	110	55	0	68	63	91	81	59	37	0	98	0	82	0	0	0	0	35	50	0	201	59	121	52	46	0	47	49	123	55	204	0	157	82	87	0	82	0	122	46	130	79	88	52	207	115	0	0	76	39	131	40	81	44	104	0	152	0	50	0	1151	0	0	0	91	40	182	0	0	0	0	0	69	0	64	0	51	0	143	0	506	0	370	0	0	0	41	0	201	0	52	0	194	112	1127	0	978	0	0	0	12	0	0	0	0	0	67	0	93	137	0	0	0	116	0	116	0	0	0	0	165	169	118	80	0	0	0	0	58	184	0	0	0	120	0	116	116	198
8d9aee06bde55b408e64fc847d265d8a	74	116	387	101	143	223	127	269	235	179	79	48	142	93	208	58	76	105	106	93	128	139	431	146	321	108	89	106	123	125	328	130	491	55	457	201	243	90	240	94	282	111	270	219	112	130	499	292	92	140	174	95	342	97	212	89	284	83	340	47	132	22	1769	0	249	0	211	104	637	26	18	6	71	0	169	0	218	122	150	0	434	37	1129	99	412	0	46	10	191	10	569	51	270	22	1034	163	3221	51	2753	68	0	45	0	89	60	48	11	122	147	167	181	308	72	9	0	0	19	238	0	0	70	46	315	274	138	163	0	0	11	0	142	211	78	9	40	0	14	257	333	429
91894bef05b812de83ca8befd8a7d86e	53	273	413	113	123	517	392	1106	1881	753	96	57	356	215	946	60	153	402	659	219	191	106	1407	375	249	65	94	103	163	157	1138	477	1509	188	2568	732	2113	304	996	174	305	136	989	606	91	68	1475	767	265	300	429	273	1168	437	1988	829	1624	351	902	117	49	22	1312	0	168	0	108	79	84	7	0	53	216	5	791	11	1318	48	86	0	229	0	585	89	50	27	93	63	0	11	227	66	340	0	4494	1153	1594	39	2428	5	23	56	27	10	31	11	11	116	55	194	468	552	128	76	175	412	825	1359	24	0	95	70	500	252	64	131	14	63	9	27	561	214	332	333	288	1334	14	465	816	1176
ff0d81cdef4146613597097a5b642ea2	0	0	48	0	0	0	0	108	0	45	0	0	68	0	0	0	0	0	0	0	0	0	81	0	50	0	0	0	0	0	78	0	68	0	131	0	0	0	69	0	0	0	53	38	63	45	0	0	0	0	0	0	35	0	49	0	103	0	0	0	60	0	1230	0	127	77	114	0	340	0	0	0	0	49	159	0	0	0	84	0	226	0	231	0	401	0	0	0	76	0	142	47	66	0	656	100	845	0	0	0	0	0	0	0	0	148	0	77	59	69	0	68	0	0	0	0	0	0	0	0	0	0	108	120	85	142	0	0	0	0	81	139	0	0	0	64	0	148	0	0
4997cd54d26bdc0cfa16ee25e0539c47	293	357	905	489	773	315	448	629	1895	476	251	76	587	149	353	91	123	404	265	149	648	374	1763	537	651	201	329	275	613	696	746	291	1407	108	1243	475	1553	283	623	132	501	317	914	587	518	649	729	338	344	370	634	314	839	316	930	377	1269	290	687	68	451	53	7619	27	1272	0	997	301	4807	89	0	0	168	67	830	107	842	110	350	11	3289	0	2394	274	2350	6	361	134	540	0	1201	29	603	7	4801	1378	1400	27	5892	12	307	246	104	13	409	143	1031	1161	2318	1096	279	304	222	109	923	161	1649	1151	11	17	264	176	1889	970	570	1218	25	24	151	158	2600	797	824	188	1934	1315	22	871	646	1525
71ee056f6f568aaa648b0b008338a85b	63	52	149	59	155	55	128	391	651	276	71	0	267	54	254	54	91	127	379	76	137	77	330	71	231	67	54	66	186	218	179	95	575	63	565	194	933	155	377	81	130	62	384	215	362	252	347	143	124	136	317	165	391	132	477	170	958	237	276	88	173	56	1933	115	562	0	251	79	1886	0	0	0	138	0	381	80	1859	0	380	0	1013	0	886	110	1529	78	0	0	409	63	706	0	233	16	2628	567	4810	0	5081	70	136	0	109	0	130	32	133	158	527	486	131	127	165	91	122	110	76	1099	0	0	150	68	771	191	478	774	0	69	92	44	983	509	398	328	1324	1115	0	876	562	1441
7ba2c422867126928cd558a5c3d179d9	11	12	24	0	10	30	20	75	29	26	0	7	31	14	53	13	18	14	23	0	39	22	111	48	23	7	0	0	19	10	52	23	123	13	163	58	101	14	61	14	34	21	50	67	47	47	89	51	19	24	52	44	115	39	70	22	104	28	0	0	0	0	353	0	7	0	6	0	56	0	0	0	0	21	19	0	28	0	19	0	62	30	128	0	71	0	0	40	32	0	73	0	19	0	249	81	204	0	12	0	11	17	10	0	8	0	0	0	39	8	12	14	8	0	0	0	15	22	0	0	18	0	142	51	32	20	0	0	5	0	140	27	49	0	55	129	0	49	0	0
9ddf781f2ff72d3c591d164ca9fe7c2a	150	196	727	48	174	531	262	1013	648	543	116	43	259	154	627	239	78	372	372	196	428	233	1349	222	250	144	28	34	430	387	1193	678	1503	150	2036	577	817	84	694	138	512	90	1031	320	524	244	1175	350	153	159	667	206	1247	422	723	481	1219	285	547	65	262	19	2452	3	120	5	112	35	799	7	17	0	250	8	478	0	221	32	801	0	238	6	2295	384	371	17	402	64	67	13	319	64	320	4	2112	1113	3556	200	1309	39	180	120	164	5	41	11	10	61	250	175	698	717	30	21	156	138	78	141	9	0	51	152	1300	839	863	248	6	49	22	42	525	162	188	33	576	473	44	718	839	379
bcb2ec9b7a4be36488b9d4114333d473	0	0	0	0	0	0	0	81	0	0	0	0	0	0	25	0	0	0	0	0	0	0	0	0	0	0	0	0	0	0	0	0	0	0	81	34	0	0	0	0	0	0	0	0	0	0	0	0	0	0	0	0	0	0	55	16	0	0	0	0	0	0	0	0	0	0	0	0	0	0	0	0	0	0	0	0	0	0	0	0	0	0	0	0	0	0	0	0	0	0	0	0	0	0	71	71	0	0	0	0	0	0	0	0	0	0	0	0	0	0	0	0	0	0	19	0	0	0	0	0	0	0	0	0	0	0	0	0	0	0	0	0	0	0	0	61	0	0	0	0
d96e982722bc47856b1d0f4c461518a9	99	0	21	8	0	0	0	0	1196	357	99	55	272	123	0	74	114	0	133	180	266	131	32	15	31	0	0	5	0	9	0	27	57	0	0	0	936	195	529	96	377	154	409	327	270	270	523	285	259	262	393	221	697	252	0	0	492	125	525	86	146	0	0	0	0	0	0	0	0	0	0	0	0	0	0	4	967	0	196	0	382	0	602	81	1137	59	0	46	989	0	1118	40	189	21	0	0	914	0	5091	12	0	177	0	0	16	0	0	0	0	78	12	0	0	23	0	0	72	801	0	0	76	65	345	507	226	273	0	0	67	145	461	638	134	321	0	0	15	270	523	1140
e8350158e98e3d0dd7960647fd6648bc	84	0	0	0	18	29	20	252	919	343	83	56	218	111	99	76	141	72	126	180	274	122	0	0	0	11	9	0	8	0	64	0	42	9	309	110	786	188	423	81	320	153	422	352	277	249	534	299	230	268	394	226	648	222	208	92	456	122	546	94	336	14	141	15	9	6	57	0	9	0	0	0	0	0	123	0	915	55	230	0	493	0	946	141	1164	80	105	0	819	7	844	0	281	0	555	266	895	66	5079	0	54	222	7	8	0	6	7	15	26	0	0	26	0	0	58	7	73	876	9	2	76	0	420	383	191	453	10	51	71	200	517	916	122	387	54	193	0	341	548	1198
f1898664b8ef4fcb75774c8d8c32d935	7	26	0	0	0	38	13	63	51	36	7	3	28	14	51	14	4	19	46	0	40	34	88	33	0	0	5	0	0	0	79	40	95	15	125	48	80	13	46	17	64	22	82	99	50	54	105	70	0	18	40	43	127	36	85	32	91	27	0	0	71	3	247	0	0	0	95	9	0	0	0	0	0	0	39	0	89	0	46	0	80	0	123	0	23	0	0	0	13	0	111	0	57	0	165	62	563	0	0	0	6	15	4	0	0	0	0	0	0	0	59	60	5	0	15	0	0	0	0	0	0	0	58	0	75	103	0	0	0	0	54	57	11	3	16	51	0	48	0	4
f83d58df5d2a92d8f5404188a405bd42	0	42	117	43	105	45	114	320	589	208	0	67	225	47	225	35	0	115	299	54	100	0	244	48	138	38	46	0	155	126	139	0	450	38	502	131	801	94	311	56	98	0	292	121	248	143	242	100	89	81	209	90	279	137	291	103	619	135	255	0	161	0	2337	48	250	0	110	0	1493	18	0	0	90	0	207	0	1667	64	385	0	948	0	761	100	1203	0	127	96	222	0	280	44	117	0	2363	248	4147	22	3302	127	71	112	63	89	82	0	66	158	428	223	94	102	125	0	100	44	62	812	30	0	108	0	637	168	391	361	36	0	82	0	761	245	287	0	911	437	59	608	456	916
fbcf21a37e10ef661b45a1538c337257	0	0	0	0	0	0	0	0	0	0	0	0	0	0	0	0	0	0	0	0	0	0	0	0	0	0	0	0	0	0	0	0	0	0	0	0	0	0	0	0	0	0	0	0	0	0	0	0	0	0	0	0	0	0	0	0	0	0	0	0	0	0	0	0	0	0	0	0	0	0	0	0	0	0	0	0	0	0	0	0	0	0	0	0	0	0	0	0	0	0	0	0	0	0	0	0	0	0	0	0	0	0	0	0	0	0	0	0	0	0	0	0	0	0	0	0	0	0	0	0	0	0	0	0	0	0	0	0	0	0	0	0	0	0	0	0	0	0	0	0
408ff55f172b54fbb975e2b8f51928e1	34	54	132	0	77	73	73	130	230	97	79	38	251	80	194	48	27	93	112	0	64	40	509	152	198	68	51	45	175	173	290	140	440	47	533	125	242	57	209	47	318	161	309	251	184	261	505	335	93	86	263	203	249	85	322	168	336	52	187	30	46	0	1029	0	106	0	152	51	504	6	0	0	85	0	232	0	105	0	55	2	503	0	619	40	715	17	104	95	121	29	310	40	139	0	1276	195	360	0	1254	0	11	0	0	0	40	32	0	38	153	91	129	189	42	0	42	0	0	41	3	0	53	109	280	179	326	284	7	6	0	0	168	251	74	0	115	134	0	114	377	206
4e1a2a8548793756a7bd2f998ca99a44	35	165	410	250	245	236	114	626	687	621	124	39	357	111	238	75	147	149	241	130	99	44	426	64	204	90	71	52	179	274	378	141	304	29	960	283	598	62	335	39	269	89	424	138	330	126	359	89	230	281	360	111	601	268	311	128	372	90	360	41	152	0	2598	0	1270	0	389	52	2122	0	0	104	120	44	769	0	1990	0	698	0	1049	0	573	233	652	148	43	0	837	0	650	40	185	0	1899	931	980	0	2113	0	56	87	129	18	253	175	234	301	689	465	207	207	135	73	37	125	124	741	20	22	420	160	738	500	385	513	0	0	202	139	3215	414	778	156	950	622	0	337	492	2038
64670b07108fc9d160b6f35e0e6ead92	0	0	59	0	0	0	0	0	69	0	0	0	0	0	0	0	0	0	0	0	0	0	0	0	60	0	0	0	0	0	0	0	0	0	0	0	82	0	0	0	0	0	0	0	0	0	0	0	0	0	0	0	0	0	0	0	37	0	0	0	0	0	55	0	125	0	0	0	226	0	0	87	0	0	0	0	95	47	0	0	0	0	0	0	0	0	0	0	0	0	0	0	0	0	0	0	61	0	0	0	0	0	0	0	0	0	0	0	122	45	0	0	0	0	0	0	0	0	0	0	0	0	0	0	0	0	0	0	0	0	0	0	0	0	0	0	6	0	0	0
8d24eb9a691359ac90986abef619c6f9	48	69	196	190	140	200	77	150	471	193	40	19	87	41	133	14	59	60	46	60	203	93	230	80	202	89	66	59	125	101	398	158	291	23	435	79	594	98	290	60	117	49	221	113	147	91	241	124	118	78	140	54	234	65	298	103	134	40	259	15	354	88	910	24	365	0	196	84	877	32	0	0	52	50	147	5	946	0	296	0	872	0	462	35	713	98	93	0	156	0	493	33	267	21	1490	254	265	0	2474	33	44	192	13	0	200	13	91	236	517	183	311	142	56	10	23	36	84	387	8	0	82	43	338	173	219	181	24	5	44	36	687	99	316	55	265	238	0	53	339	382
a0e6aa51f6c27a5e1bb3e5f6c447d6f5	24	85	144	161	104	104	98	288	0	170	56	48	211	48	0	31	33	69	147	0	82	36	283	120	167	80	71	81	119	148	224	159	245	32	413	159	14	0	192	49	125	47	190	144	198	201	159	122	91	109	152	110	175	77	174	102	356	153	5	0	0	21	3752	42	455	0	360	92	908	29	0	0	107	0	274	19	0	0	241	51	625	0	994	286	1462	96	0	0	376	6	742	0	192	0	1836	989	3070	10	34	0	20	96	131	129	123	0	66	514	245	275	188	184	86	0	18	188	11	9	0	0	94	34	453	543	279	718	0	0	47	63	327	420	158	113	190	411	0	538	11	19
a29c50b67262ba2232ed5d6b36890141	0	70	134	87	89	70	67	125	260	102	79	38	240	72	192	49	33	118	131	63	62	50	575	207	248	73	44	55	227	224	354	183	494	57	545	190	241	82	195	65	327	206	401	290	218	287	603	358	135	129	282	233	295	88	375	187	374	81	217	40	0	27	605	21	110	39	53	58	441	0	14	0	0	0	199	17	138	0	63	0	402	0	970	201	780	0	0	90	102	0	289	0	138	0	1510	313	449	0	1330	0	0	19	10	0	52	0	23	59	186	213	168	255	0	19	43	52	52	134	0	0	58	37	304	446	319	211	0	0	29	18	213	280	112	33	111	228	0	151	431	185
d86d37226c841783ab53e2fd9ba1971a	62	351	619	335	394	475	201	1159	1139	992	166	64	658	162	625	117	307	281	370	243	192	82	738	153	353	126	113	140	262	517	854	332	468	62	1821	420	1128	142	671	100	343	139	812	355	479	222	576	188	345	460	551	233	921	441	554	214	607	140	569	97	537	84	6365	74	1775	10	725	124	3916	38	25	0	160	0	1506	0	3886	59	1295	0	2066	26	1312	415	1946	105	96	39	1306	20	1546	104	259	0	4055	1343	2555	77	6380	0	121	129	217	50	354	97	385	604	1123	726	420	465	258	100	82	194	178	1630	55	0	521	191	1437	927	586	993	31	44	350	233	5646	865	1456	508	1775	1334	0	654	914	3310
e2dd4afb7ac613e0834247a15170b8f9	59	191	382	220	223	232	111	622	632	637	69	46	362	89	321	66	166	99	207	127	147	59	548	112	272	84	86	59	198	160	466	164	342	0	1023	265	733	102	475	80	192	0	468	149	271	128	353	102	244	212	293	144	455	149	354	95	483	98	364	0	182	0	4103	0	811	0	519	75	2681	0	0	0	0	0	795	170	2045	0	684	174	1022	0	760	116	1196	69	0	0	683	0	955	0	345	29	2068	532	1923	0	4510	214	81	105	127	0	270	137	345	425	823	555	293	255	152	0	0	225	121	1079	0	0	326	127	965	478	392	516	0	0	266	139	3319	656	1009	426	1165	1014	67	438	654	2538
afa5efc6d3274dba6d0deab16f67660d	0	0	0	0	0	0	0	7	0	291	0	0	0	113	0	8	0	473	0	0	0	0	0	0	0	0	0	0	0	0	0	0	12	0	21	0	13	0	523	192	0	0	0	0	0	0	582	292	354	417	107	72	0	0	521	249	13	0	0	0	0	0	0	0	0	0	0	0	0	5	0	18	0	0	0	0	0	0	493	0	0	0	23	0	0	0	0	0	949	0	184	18	0	0	2496	754	9	0	0	0	6	0	0	0	8	0	0	0	8	27	0	0	0	0	0	0	0	7	0	0	0	0	7	4	0	0	5	3	196	151	429	126	8	0	768	829	0	7	0	10
43588bce9aa14685ac3861b78ea53288	5	53	28	25	47	88	67	60	102	22	27	4	93	7	105	8	11	46	24	0	23	21	260	137	33	15	11	12	58	76	270	120	290	44	217	68	86	33	30	9	105	51	96	53	68	108	37	25	0	14	34	27	56	31	177	81	64	28	0	0	10	8	1075	0	25	0	45	22	494	0	0	0	134	0	108	0	75	0	20	0	467	0	239	0	238	0	0	0	0	0	180	8	13	0	990	326	253	0	26	0	3	7	0	0	11	0	0	29	137	371	191	162	56	0	0	45	8	80	0	0	39	25	46	32	113	203	0	0	0	0	60	17	36	0	59	93	0	16	0	0
c90a0af3b767e17927160cb10279356f	11	22	30	6	346	11	42	31	20	13	99	85	272	132	10	49	0	95	14	8	12	8	219	73	56	18	5	3	495	686	37	15	268	20	44	10	19	3	11	0	469	253	754	410	194	300	535	407	5	12	258	220	18	8	613	248	25	8	11	2	0	0	0	0	2	0	139	0	9	0	0	0	43	0	0	35	0	0	0	0	0	0	0	0	0	0	0	0	0	0	0	13	0	0	0	0	0	0	0	0	0	3	0	0	0	0	0	0	3	3	0	0	0	8	0	0	0	0	0	0	0	50	0	30	413	0	23	0	0	0	14	5	0	0	0	0	3	2	0	0
fc69a452686f974a2073c96d214dde3e	99	324	222	573	328	634	284	230	537	416	227	54	395	192	64	142	238	40	104	285	407	277	951	396	665	449	393	311	455	559	1560	860	1058	232	1240	559	793	219	872	276	908	329	519	554	420	383	1236	541	296	431	473	331	1431	663	437	284	502	141	478	89	0	0	0	0	31	0	72	571	0	0	5	78	106	110	0	6	0	0	0	0	0	0	47	321	0	0	34	67	0	0	33	15	0	0	0	37	0	0	0	0	0	0	0	33	0	0	0	0	0	9	594	1022	4	0	0	2	0	0	4	0	0	103	2	52	300	8	2	85	0	128	15	29	4	4	5	0	0	0	756	0
658a415841043db371f5b389effcdf9d	26	861	1515	1203	1160	2606	1669	263	215	312	992	232	335	480	195	560	196	520	353	1467	169	144	2527	15631	4087	9607	2108	2600	1174	10537	3754	11010	4181	3733	3594	8130	10590	12499	4997	8023	3743	10479	1746	15818	1251	12545	4371	6170	1453	7196	1375	11961	3703	10130	5269	6527	4506	13161	987	1393	20	26	27	10	22	38	361	12842	50	49	0	77	797	327	24	83	12	20	16	0	11	50	100	353	8	0	105	848	4	71	233	130	21	10	504	1112	180	83	17	190	25	5	68	791	50	1773	17	0	33	502	2213	2194	7	72	26	20	16	11	25	11	13	368	15	192	1164	91	31	489	21	838	154	712	28	431	165	247	37	54	14081	27
26cc5f505c154dc50f11f0638c69f49e	74	2	74	120	63	9	0	30	26	25	33	6	46	18	0	9	20	21	30	39	180	256	9	11	698	166	147	251	79	129	13	8	32	3	448	384	202	84	105	70	298	166	39	91	20	325	26	78	44	143	29	30	80	113	233	240	935	372	45	120	0	0	2	0	0	0	0	442	0	0	0	0	0	0	0	0	0	0	0	0	0	0	17	0	0	0	0	3	0	6	0	0	0	0	21	49	28	0	0	0	0	0	3	0	0	14	0	0	0	0	0	0	0	0	0	0	0	0	0	0	0	51	0	0	39	0	0	0	0	21	0	5	0	0	0	0	0	0	430	0
259a7bf6505ad5e5a82c73d889941542	6	8	0	9	10	0	0	7	7	0	0	0	0	0	0	0	0	0	0	0	7	0	33	0	0	0	0	0	5	9	18	15	17	0	15	8	18	0	0	0	11	15	12	0	0	4	19	0	0	17	4	0	13	8	16	14	88	0	6	0	18	180	21	64	15	17	14	10	21	9	29	38	6	0	7	18	14	0	13	28	12	12	0	13	15	27	19	25	6	7	8	15	11	528	15	26	8	25	21	20	35	17	27	56	40	34	15	85	15	161	12	24	12	19	24	53	18	15	15	5	16	26	23	40	16	19	15	39	28	28	261	44	29	149	39	24	29	38	22	39
77a53d48dd509b56ec8597edea3172ef	0	10	0	3	0	6	16	35	138	31	13	11	42	16	0	5	11	228	0	7	0	0	36	0	0	0	0	0	0	0	0	0	21	0	38	15	77	13	46	8	14	0	47	22	64	42	48	30	7	9	0	5	20	17	118	59	0	0	4	3	0	0	19	0	0	0	0	0	0	0	0	0	0	0	0	0	0	0	3	0	0	0	19	0	0	0	0	0	0	0	0	0	0	0	18	15	0	0	0	0	0	0	0	0	0	0	0	0	0	0	0	0	0	0	0	0	10	14	0	0	0	0	0	7	15	0	0	0	0	0	0	0	0	2	15	0	0	0	8	0
0cc0d0f767cb1a7ff0d1e4b7e3e22c0c	15	0	26	13	8	15	15	18	28	21	9	3	6	8	9	4	2	19	4	10	25	13	20	4	29	10	0	0	6	6	23	12	20	0	38	9	35	5	33	5	38	5	18	17	9	6	35	18	4	16	9	0	12	10	10	6	6	0	6	0	0	0	137	0	0	0	0	0	0	0	0	0	0	0	4	0	0	32	6	0	0	0	51	0	0	0	0	0	0	0	0	0	0	0	0	0	0	0	5	0	0	0	0	0	0	0	0	0	3	0	0	5	0	0	0	0	8	0	0	0	0	0	0	27	0	0	0	0	0	0	3	0	0	0	0	0	0	0	0	6
d440d3052851bb98daaf7f8381afbb3d	15	15	2	0	24	0	28	5	0	5	15	0	0	7	3	6	0	20	0	0	43	24	49	9	0	0	16	11	26	26	0	3	45	16	10	8	0	0	0	0	58	15	17	11	0	0	28	22	14	26	3	0	0	0	14	3	15	0	0	0	0	0	13	0	0	0	0	0	0	0	0	0	0	0	0	0	0	0	0	0	0	0	0	0	0	0	12	0	0	0	0	0	0	0	0	0	0	0	0	0	0	0	0	0	0	0	0	0	0	0	0	0	0	0	0	0	0	0	0	0	0	13	0	0	0	0	0	0	0	5	0	0	0	0	0	0	0	0	0	0
0d4c05022f84f52efaf413f3b6ea56dc	6	0	15	0	0	4	0	0	0	0	14	0	0	0	8	0	0	0	0	0	0	22	20	0	12	0	0	0	0	0	11	0	0	0	0	13	7	0	12	0	0	0	10	17	0	6	0	0	10	0	0	0	14	0	7	4	42	11	0	0	0	73	0	0	11	7	0	0	0	0	19	9	0	0	13	6	10	0	60	0	11	0	0	0	11	0	0	10	0	7	20	7	0	198	0	11	21	12	5	12	15	0	0	15	21	0	8	31	23	58	11	26	0	0	0	9	25	8	0	0	16	17	15	20	0	11	9	14	0	15	73	0	14	46	0	18	0	19	14	21
5def5d3e4217af0c66de1e25dee190b4	310	32	35	20	58	24	30	30	1082	17	46	8	31	18	6537	15	15	747	9	23	1191	838	35	40	215	29	14	10	24	34	37	26	152	14	41	39	1189	390	50	22	33	29	38	35	19	30	53	28	23	43	30	64	49	30	523	232	127	22	22	5	32406	913	1258	71	44	60	11	8	1401	71	19	83	12	5	231	669	75700	982	36	147	659	0	133	37	43	0	25	8	24	0	21	166	20	9	30023	7173	85	5	82	74	21003	8350	169	98	247	145	156	230	376	787	99	179	77	414	136	148	13234	7729	77	37	144	143	148	349	126	139	74	144	135	155	1616	320	234	170	8059	4014	117	179	164	196
8c8b5c97efa94771f04fe65a08450ff4	445	1258	3124	581	695	463	281	3490	1342	249	1484	404	2296	1142	729	219	1770	1289	476	1527	723	509	916	296	1966	609	620	425	248	342	806	322	1001	97	941	477	619	220	1171	422	1362	693	2426	778	815	958	1545	882	636	1025	364	235	966	554	1471	830	1105	236	313	115	4761	243	9301	183	10297	415	1930	531	10003	789	670	60	790	96	9549	398	1793	294	16657	372	4075	711	8581	2413	10670	217	3355	283	9802	137	3459	184	6966	1826	7040	6566	11498	746	8858	278	3764	691	2112	167	9368	1320	5487	2675	6193	8515	259	295	2416	345	4974	284	3036	1188	165	85	5273	1056	4723	5482	928	1137	147	157	4896	601	16888	5405	7381	1784	7808	1206	173	4619	511	3048
f8003de140133574fe07d789b9f501f1	2107	5751	14769	2760	3296	1935	1257	14950	6311	1225	7026	1821	10802	5396	3219	1030	7950	5609	1991	6871	3378	2360	4291	1355	8986	2612	2734	1785	1228	1513	3735	1469	4639	452	4450	1956	2851	903	5518	1928	6297	3047	10775	3389	3721	4337	7345	3787	2819	4653	1694	1035	4294	2498	6889	3662	4649	1183	1337	457	21929	1210	42111	630	47415	3213	8438	2241	46321	3767	3481	291	3518	821	44643	356	7909	1827	77437	2771	19666	1620	38551	14879	47121	955	19095	1433	45198	839	15296	856	32348	7777	31627	28591	51336	4090	39640	808	16819	2997	9447	744	42626	6779	24867	11431	28435	39973	1203	1497	11116	1549	22931	1388	14227	5968	805	438	23339	4854	20129	26693	4065	4358	643	699	23072	2327	74735	26746	34428	7729	34726	6546	959	20227	2318	14722
ca46b8ca5f06868dcb2a54e87100d77c	0	0	0	2	0	0	0	0	0	0	0	0	0	0	0	0	0	0	0	0	0	0	22	4	0	3	0	0	3	6	8	0	0	0	0	0	9	0	0	0	0	0	10	0	9	0	12	0	0	0	0	0	0	8	8	8	50	0	0	0	10	110	19	10	21	13	7	0	16	15	42	29	8	5	12	17	15	14	19	21	13	10	8	14	13	132	16	31	0	0	0	15	8	282	9	20	10	25	8	28	25	17	18	20	27	13	10	32	16	97	10	24	0	7	14	18	0	22	6	0	11	13	21	42	7	16	9	11	0	12	142	18	28	68	28	19	9	36	20	15
b28af6f3e03eae416cdd3d9af369818f	0	0	0	0	0	5	8	0	0	0	0	0	0	4	0	0	0	0	0	0	0	0	30	12	10	11	0	0	0	9	0	12	9	0	0	0	11	0	14	7	12	0	7	0	7	0	0	9	0	0	0	0	0	7	9	11	63	0	0	0	7	110	12	8	13	3	4	0	24	3	20	15	11	0	0	14	7	6	8	8	12	11	11	3	10	0	0	10	0	0	9	8	9	259	10	15	0	17	13	10	17	17	15	20	28	18	11	58	16	85	11	15	0	10	15	26	0	13	15	6	0	29	14	29	14	15	9	23	18	18	145	23	13	75	17	36	18	21	16	25
73882db41c2dd97fbdd1bbdb60935efa	4	4	0	0	0	7	0	0	0	0	0	0	5	0	0	0	4	7	0	0	0	7	31	0	0	7	0	0	0	4	0	5	11	0	10	0	11	5	8	0	0	3	8	0	0	0	12	0	0	10	0	0	4	4	7	11	63	0	2	0	29	127	193	134	15	12	37	0	12	5	15	37	0	4	12	137	13	6	18	7	220	6	103	84	36	125	8	10	6	0	23	2	4	342	9	18	11	21	5	9	12	12	15	39	19	19	13	68	24	122	7	25	8	24	16	19	6	11	15	0	7	30	22	41	8	18	10	15	18	11	174	32	27	94	24	28	6	43	14	34
3d399e3129403d075f7a6b59b7c28e60	22	18	21	28	34	20	0	0	30	31	18	0	42	15	0	19	9	0	6	15	60	84	74	49	112	27	55	68	23	76	58	47	24	0	10	0	174	55	79	31	119	69	39	85	10	150	12	65	34	92	33	55	38	21	40	30	76	26	13	14	0	0	0	0	0	0	10	197	0	0	0	0	0	0	0	0	0	0	0	0	0	0	0	0	0	0	0	0	0	0	0	0	0	0	0	27	0	0	0	0	0	0	0	0	0	0	0	0	0	0	42	88	0	0	0	0	0	0	0	0	0	9	0	0	28	0	0	0	0	26	0	10	0	0	0	0	0	0	62	0
f4b7f5b0d215ea83535c9e43f0864c83	0	0	0	0	0	0	0	0	0	8	0	0	0	0	0	0	0	0	0	0	7	9	0	0	0	0	0	0	0	13	0	0	0	0	7	11	19	0	11	10	15	4	6	12	0	18	0	0	7	9	5	0	9	0	15	8	0	0	5	7	0	0	0	0	0	0	0	0	0	0	0	0	0	0	0	0	0	0	0	0	0	0	0	0	0	0	0	0	0	0	0	0	0	0	0	0	0	0	0	0	0	0	0	0	0	0	0	0	0	0	0	0	0	0	0	0	0	0	0	0	0	0	0	0	4	0	0	0	0	0	0	0	0	0	0	0	0	0	23	0
b7ded6d28cd0e1bcfd29dd9ff293b725	27	21	16	45	16	31	37	16	23	74	0	0	15	21	10	33	35	0	0	35	63	93	134	102	114	41	50	62	13	36	136	127	49	86	172	160	222	56	150	72	0	0	31	47	0	80	25	133	53	174	72	136	124	156	125	138	0	7	46	76	0	0	0	0	0	0	0	160	0	0	0	0	41	16	0	150	0	0	0	0	0	0	0	18	0	0	0	0	0	0	5	0	0	0	10	4	0	0	0	0	0	0	0	0	0	0	0	0	0	0	179	289	0	0	0	0	3	0	0	0	0	0	0	0	13	0	0	0	0	8	11	12	0	0	3	0	0	0	462	9
4b7cf4ae9a6ef34b1d9b0d5acdb11bbf	11	13	15	0	0	29	6	14	0	10	16	0	19	11	25	0	20	4	8	8	6	10	24	19	3	0	0	0	0	0	26	19	9	37	20	18	0	0	13	6	26	89	3	0	5	6	33	0	7	17	7	6	10	8	7	7	40	7	0	0	0	0	0	0	0	0	0	0	0	0	0	0	0	0	9	0	0	124	3	127	0	0	0	0	0	0	80	0	0	27	0	0	0	0	0	0	8	0	0	0	568	11073	18508	10142	455	2094	291	858	219	1882	1286	5836	852	8220	8866	35375	895	1605	23263	13680	3993	20221	216	326	204	17722	14107	4813	970	17330	2170	3270	1482	13281	1153	11876	68	5915	316	2015
0412b74ab7756afc899e0045746e7c0d	19	0	0	15	16	36	0	0	0	15	54	0	0	23	0	16	0	20	10	39	8	12	0	0	0	0	26	11	11	16	123	47	9	0	0	0	0	0	69	18	73	21	45	29	19	10	102	54	20	41	43	11	50	21	65	24	98	32	39	10	0	0	0	0	0	0	0	26	0	0	0	0	0	0	0	37	0	0	0	0	0	0	0	0	0	0	0	0	0	0	0	0	0	0	20	0	0	0	0	0	0	0	0	0	0	0	0	0	0	0	51	129	0	0	0	0	0	0	0	0	0	7	0	0	34	0	0	0	0	5	0	0	0	0	0	0	0	0	120	0
1769df382849999ba065034838e27c6b	8	0	0	0	0	0	0	0	0	0	0	0	0	0	0	0	0	0	0	0	16	10	16	13	0	0	0	0	0	0	0	0	0	0	0	0	0	0	0	0	0	0	0	0	0	0	0	0	0	0	0	0	0	0	0	0	0	0	0	0	0	0	0	0	0	0	0	0	8	0	0	0	0	0	0	0	0	0	0	0	0	0	0	0	0	0	0	0	0	0	0	0	0	0	0	0	0	0	0	0	0	5	0	0	0	0	0	0	0	0	0	0	0	0	0	0	0	0	0	0	0	0	0	0	0	0	0	0	0	0	0	0	0	0	0	0	0	0	0	0
1bba2b650c8ba56422faef38861e1206	0	0	0	0	0	0	0	0	0	0	18	5	21	6	0	0	0	0	27	11	0	0	0	0	0	0	0	0	0	0	0	0	0	0	0	0	0	0	4	0	26	14	35	21	30	28	22	18	8	19	16	15	38	23	0	0	167	50	15	4	0	0	0	0	0	0	0	0	0	0	0	0	0	0	0	0	0	0	0	0	0	0	4	0	3	0	283	14	0	0	0	0	0	0	0	0	12	0	15	0	0	0	0	0	0	0	0	0	0	0	0	0	0	0	0	0	2	0	0	0	0	5	0	19	55	0	8	41	0	0	0	0	0	0	0	0	0	0	62	0
1d1883c617fe91ed89fb52b09ae6f4d5	22	44	0	0	0	85	0	54	0	0	95	35	43	105	28	0	49	44	0	0	20	0	126	68	0	0	0	0	0	0	75	38	0	0	152	70	0	0	0	0	76	51	119	92	78	114	243	141	35	71	19	12	199	148	19	31	20	0	0	0	0	0	0	0	0	0	0	0	0	0	0	0	0	0	0	0	0	0	0	0	0	0	46	23	0	0	0	36	0	0	0	0	0	0	0	0	0	0	0	0	0	0	0	0	0	0	0	0	0	0	25	71	0	0	0	0	0	0	0	0	0	16	22	56	118	31	0	0	0	0	0	0	0	18	0	0	0	0	0	0
34bf0277618ca25ea5b63a884e763bb8	116	78	28	0	23	158	328	236	218	83	158	52	45	101	105	79	64	206	46	104	113	102	193	111	27	0	0	0	10	9	448	229	365	105	310	123	763	195	278	59	180	77	240	289	43	71	309	153	127	234	68	42	333	182	447	354	386	104	76	15	0	0	0	0	22	0	246	0	22	0	40	0	30	17	10	24	35	0	0	0	0	0	97	445	0	0	120	226	13	0	0	26	0	0	75	91	15	0	7	0	13	0	8	45	0	0	0	0	0	0	109	218	71	13	9	9	25	17	0	0	9	27	15	284	59	0	14	84	46	74	23	0	3	0	13	0	0	5	101	0
3616c33e5e7be30af155be51481aeaf6	0	0	23	14	0	32	0	0	0	0	15	0	0	0	0	0	18	0	0	0	0	0	0	0	54	0	24	7	0	0	43	10	0	13	0	22	0	0	0	0	20	14	0	19	18	0	0	0	19	15	0	0	0	0	32	20	0	15	18	0	0	0	0	0	0	0	0	13	0	0	0	0	0	0	0	0	0	0	0	0	0	0	0	0	0	0	0	0	0	0	0	0	0	0	19	0	0	0	0	0	0	0	0	0	0	0	0	0	0	0	29	44	0	0	0	0	0	0	0	0	0	0	0	0	0	0	0	0	0	0	0	0	0	0	0	0	0	0	0	0
394ef72c7c5ab33a8431676dafd07ce2	44	32	21	34	21	42	0	0	24	21	29	0	0	9	0	17	10	0	0	15	38	46	109	21	53	15	17	16	22	32	66	57	0	0	0	43	40	19	65	0	45	0	51	35	8	21	56	46	20	52	35	15	78	43	60	27	46	13	24	0	0	0	0	0	0	0	56	19	0	0	0	0	0	0	0	108	0	0	0	0	0	0	60	46	0	0	0	100	0	0	0	0	0	0	0	0	0	0	0	0	0	0	0	0	0	0	0	0	0	0	69	86	0	0	0	0	0	0	0	0	0	26	0	20	29	0	0	0	0	29	0	0	0	0	0	0	0	0	70	0
47a11bc6578a7bfca40fc314be966e5c	35	29	45	38	64	47	0	26	60	49	40	34	19	32	7	53	14	24	11	20	46	39	139	45	150	54	42	33	37	62	80	38	14	4	79	56	422	101	260	48	28	12	105	70	27	46	104	57	36	82	76	47	69	32	106	44	119	26	18	5	0	0	0	0	0	0	60	36	0	0	0	0	0	0	0	3	0	0	0	0	0	0	14	0	0	0	39	0	0	0	30	7	0	0	0	57	7	0	0	0	0	0	0	0	0	0	0	0	0	0	39	61	0	0	0	0	0	0	0	0	0	0	6	51	42	0	0	0	4	12	0	30	0	0	0	0	0	0	47	0
6095551f50c6b1d00e16a6e9ec9fe0d7	17	20	14	21	106	10	0	0	77	86	101	79	35	25	22	37	17	10	29	60	24	41	173	154	133	90	36	21	102	252	52	30	35	0	28	0	544	109	406	115	108	70	219	292	140	215	127	74	126	300	104	104	330	303	77	84	188	118	96	44	0	0	0	0	0	0	0	52	0	0	0	0	0	0	0	12	0	0	0	0	0	0	153	119	0	0	0	0	0	0	16	0	0	0	14	0	0	0	0	0	0	0	0	0	0	33	0	0	0	7	20	37	0	11	0	0	0	6	0	0	7	36	0	57	212	0	14	0	64	104	25	20	0	0	12	0	0	0	346	0
6aad389fabc05c13cc238c3cf2bda6c0	0	0	0	0	0	70	142	0	0	0	103	61	51	0	35	0	64	124	0	0	0	0	0	0	0	0	0	0	0	0	145	77	210	65	0	0	0	0	0	0	134	60	177	196	101	134	0	0	0	0	0	0	190	91	248	214	0	0	0	0	0	0	0	0	0	0	0	0	0	0	0	0	43	16	0	0	0	0	0	0	0	7	44	54	14	0	0	0	0	11	0	0	0	0	14	82	0	0	0	0	0	0	0	0	0	0	0	0	0	0	60	75	14	0	0	0	0	0	0	0	4	75	14	234	136	0	0	0	0	0	0	0	0	0	6	0	0	0	0	0
73c1f89cabd247f76eba923f3b70b2c1	0	108	0	143	41	99	0	217	0	0	305	0	0	55	0	310	156	0	251	282	34	0	551	253	63	52	163	114	0	71	328	150	0	0	1603	1014	55	0	0	0	760	427	586	388	118	154	642	387	0	0	662	449	1610	816	119	63	1276	478	1074	302	0	0	0	0	0	0	0	283	0	0	0	0	0	0	42	0	0	0	0	0	10	74	319	510	46	0	0	0	0	0	349	161	0	0	0	0	389	42	171	0	0	0	0	0	0	0	25	0	0	0	130	325	0	0	41	0	0	37	0	0	20	176	57	108	188	0	13	73	0	0	138	81	15	0	0	0	0	24	3342	0
78c0b691e9948f5a60472b2be9d7056f	95	38	100	115	0	66	0	59	41	101	0	0	0	0	0	0	26	0	22	54	131	106	266	122	217	98	100	81	0	0	162	70	15	0	177	108	229	66	188	76	0	0	0	0	0	0	0	7	98	147	0	0	211	107	15	0	332	123	60	21	0	0	0	0	0	0	0	100	0	0	0	0	0	0	0	0	0	0	0	0	0	0	0	0	0	0	0	0	0	0	0	0	0	0	0	0	0	0	0	0	0	0	0	0	0	0	0	0	0	0	19	214	0	0	0	0	0	0	0	0	0	0	0	0	0	0	0	0	4	28	0	0	0	0	0	0	0	8	185	0
881208da6fa56fb78f2d63d77276e8ea	0	0	0	0	0	0	64	0	0	0	0	0	0	0	0	0	0	0	0	0	0	0	0	0	0	29	0	0	0	0	83	0	100	0	54	0	0	0	0	0	50	49	98	48	43	65	80	0	0	48	0	0	125	97	52	0	0	40	0	27	0	0	0	0	5	0	0	0	0	0	0	0	90	0	0	44	0	0	0	0	0	0	0	110	30	0	71	0	0	0	0	0	0	0	33	0	0	0	0	0	0	0	0	0	0	0	0	0	0	13	0	66	0	0	0	0	0	0	0	0	0	0	27	0	52	0	0	0	9	0	0	0	0	0	0	0	0	0	59	0
91906c7e65ecb8b42499aa2c86faf944	35	27	16	0	59	0	0	0	0	0	25	0	0	8	0	0	9	0	26	11	50	50	111	90	115	27	0	0	69	96	0	0	0	0	10	0	8	0	11	0	91	54	0	0	0	0	60	51	4	7	0	0	95	65	6	0	183	52	31	21	0	0	0	0	0	0	61	0	3	0	0	0	0	0	0	0	0	0	0	0	0	0	0	0	0	0	0	0	0	0	0	0	0	0	0	0	3	0	0	0	0	0	0	15	0	0	0	0	0	0	0	0	0	0	0	0	0	0	0	0	0	9	0	0	0	0	0	0	0	0	0	0	2	0	0	0	0	0	70	0
9932ab474f1ddea0ae8865b176ed2c0f	0	11	0	0	0	55	0	21	0	35	0	0	0	0	0	0	0	0	0	0	0	0	87	33	0	0	0	0	0	0	139	60	0	0	45	62	0	0	120	32	0	0	0	0	0	0	0	0	0	0	0	0	0	0	0	0	0	0	0	0	0	0	0	0	0	0	0	0	0	0	0	0	0	0	0	0	0	0	0	0	0	0	0	0	0	0	0	0	0	0	0	0	0	0	0	0	0	0	0	0	0	0	0	0	0	0	0	0	0	0	57	149	0	0	0	0	0	0	0	0	0	0	0	0	0	0	0	0	0	0	0	0	0	0	0	0	0	0	0	0
9abd5e4382d86bfc4f5f6eff28933d3d	0	13	0	0	0	0	0	0	0	0	0	0	0	0	0	0	0	0	0	0	0	0	62	45	0	0	0	0	0	0	0	0	0	0	5	0	0	0	0	0	0	0	0	0	0	0	0	0	0	0	0	0	0	0	0	0	0	0	0	0	0	0	0	0	0	0	0	0	0	0	0	0	0	0	0	0	0	0	0	0	0	0	0	0	0	0	0	0	0	0	0	0	0	0	0	0	0	0	0	0	0	0	0	0	0	0	0	0	0	0	0	0	0	0	0	0	0	0	0	0	0	0	0	0	0	0	0	0	0	0	0	0	0	0	0	0	0	0	0	0
9d9cce59f55f5ad46eaaaf360e0b1ec6	0	0	0	0	0	0	0	0	0	0	0	0	0	21	0	15	17	0	0	0	0	0	0	0	0	0	0	0	0	0	0	0	0	0	0	0	0	0	0	0	14	8	0	0	0	0	65	41	0	0	34	31	68	54	0	0	0	0	0	0	0	0	0	0	0	0	0	0	0	0	0	0	0	0	0	0	0	0	0	0	0	0	0	0	0	0	134	0	0	0	15	0	0	0	0	0	0	0	0	0	0	0	0	0	0	0	0	0	0	0	0	0	0	0	0	0	0	0	0	0	0	10	0	0	9	0	0	0	0	0	45	41	0	0	0	0	0	0	0	0
ad75c0e56de545cb0ab128cb0ab9846a	48	12	50	27	26	40	65	44	18	21	26	11	20	34	9	28	12	31	8	24	54	39	81	33	98	41	28	33	44	45	83	42	96	38	114	50	48	22	114	31	45	29	74	52	33	61	74	44	25	50	38	37	108	57	60	32	82	40	27	12	0	0	0	0	0	0	130	30	0	0	0	0	50	0	0	0	0	0	0	0	0	0	22	0	0	0	0	0	0	0	0	0	0	0	34	14	0	0	5	0	0	0	0	0	0	0	0	12	0	0	18	47	0	0	0	0	0	0	0	0	0	0	0	0	52	13	0	0	0	0	0	0	0	0	0	0	0	0	75	0
aed6794ad885138c4236be296bdbb42d	10	21	0	0	15	0	60	20	35	40	0	0	0	14	5	17	0	0	15	18	12	10	55	22	0	16	0	0	16	20	34	10	65	0	35	0	40	20	64	35	0	0	49	0	0	25	45	29	0	13	27	13	58	39	0	0	36	0	0	0	0	0	45	0	0	0	0	0	12	0	0	0	22	0	0	0	0	0	0	0	0	0	0	0	0	0	6	0	0	0	0	0	0	0	0	0	0	0	18	0	0	0	0	0	0	0	0	0	0	0	0	0	7	0	0	0	0	0	0	0	0	0	0	0	24	0	0	0	0	0	0	0	0	0	0	0	0	0	46	0
b19b12db3ed349c79dd7ff2f66911ff0	155	52	16	86	24	54	93	18	108	119	104	11	69	16	3	96	15	0	46	33	154	181	79	74	115	32	113	92	31	38	106	48	105	36	32	50	269	169	185	108	141	47	329	250	93	245	32	77	0	0	163	111	200	81	117	49	314	93	107	39	0	0	0	0	0	0	7	125	6	0	0	0	46	0	0	4	4	76	0	0	0	0	12	112	12	0	28	9	0	0	18	0	0	0	0	0	53	0	7	0	0	0	0	0	0	0	5	5	0	0	29	94	0	7	0	0	10	0	0	0	0	18	0	137	255	6	0	0	0	0	9	11	0	0	6	0	0	0	186	6
b4f32c9e4cddf3d9b1f26cef2c073d3e	120	60	60	66	68	68	122	57	30	44	99	65	28	58	16	26	27	53	27	40	149	253	182	182	100	108	55	39	56	120	97	77	206	35	218	132	105	22	202	82	85	40	111	129	78	154	284	115	59	168	48	45	156	122	123	155	191	99	44	13	0	0	0	0	12	0	84	93	31	0	0	0	85	0	0	52	11	0	0	0	0	0	162	242	18	0	194	0	0	0	0	0	0	0	18	13	33	0	0	0	9	0	8	52	13	64	16	0	23	0	31	45	17	9	0	0	0	58	0	0	19	22	29	146	113	0	7	13	48	42	26	28	11	0	30	0	0	0	124	6
b54479533db5fbd055d55e9524f03f8e	0	46	0	0	0	0	27	0	0	0	23	0	0	47	0	5	21	0	0	0	0	0	105	194	8	0	0	0	0	0	43	49	56	22	89	62	32	0	0	0	16	15	38	51	0	0	39	94	46	158	0	0	89	46	23	42	0	5	0	0	0	0	0	0	7	0	93	0	10	0	0	0	33	0	0	31	0	0	0	0	0	0	77	112	17	0	42	65	33	0	0	0	0	0	0	0	0	0	0	0	0	0	0	424	0	0	0	2	0	0	55	84	10	8	44	0	0	0	0	0	0	19	0	24	0	0	0	163	0	194	0	0	0	12	0	0	0	0	0	0
b856825e3e8fa2a9a867a8391c77c92a	45	0	10	0	13	0	0	0	0	15	0	0	0	6	0	6	0	0	0	0	50	31	0	0	12	9	0	0	8	13	0	0	0	0	0	0	0	0	18	4	0	0	5	5	0	0	26	14	0	4	9	3	0	0	0	0	8	0	21	7	0	0	0	0	0	0	0	0	0	0	0	0	0	0	0	0	0	0	0	0	0	0	0	0	0	0	106	0	0	0	0	0	0	0	0	0	0	0	0	0	0	0	0	0	0	0	0	0	0	0	0	0	0	0	0	0	0	0	0	0	0	0	0	0	0	0	0	15	0	0	0	0	0	0	0	0	0	0	42	0
c005f0c5f378d00de7d1247cfff924fc	11	12	0	0	0	0	0	0	0	0	0	0	0	0	0	0	0	12	10	12	0	12	20	22	0	0	0	0	0	0	0	0	0	0	0	0	0	0	0	0	0	0	18	15	0	0	0	0	13	19	0	0	0	0	14	15	29	19	20	0	0	0	251	0	0	0	0	0	0	0	0	0	0	0	0	0	0	0	0	0	0	0	8	0	0	0	0	0	0	0	0	0	0	0	0	10	0	0	49	0	8	0	0	0	0	0	0	0	0	0	0	0	0	0	0	0	0	0	0	0	0	0	11	48	0	0	0	0	0	0	0	0	0	0	0	0	0	0	78	21
c772953cbb0dcb2197ceafaa9786c7b9	0	0	0	0	0	27	0	0	0	0	0	0	0	0	14	0	0	0	0	0	0	0	77	131	0	0	0	0	0	0	26	35	0	0	0	0	0	22	0	0	0	0	0	41	13	68	0	74	0	115	0	0	0	63	0	0	32	0	0	0	0	4	0	0	0	0	0	0	0	0	0	0	0	0	4	0	0	0	0	0	0	0	0	65	0	0	0	0	0	0	0	0	0	16	0	0	0	0	0	0	0	0	0	209	0	0	0	0	0	0	0	0	0	0	0	9	0	0	0	0	0	0	5	0	20	0	0	0	0	145	18	7	0	0	4	0	0	0	0	0
ce89b699a5fe566492d1fc2abb89cd06	0	0	12	12	0	0	0	23	50	56	0	0	0	11	0	0	0	0	0	0	0	0	15	9	25	13	9	0	9	9	0	0	0	0	67	34	291	73	177	58	0	0	18	12	0	0	25	14	0	9	0	0	11	11	0	0	22	0	11	0	0	0	0	0	0	0	0	11	0	0	0	0	0	0	0	0	0	0	0	0	0	0	0	0	0	0	0	0	0	0	0	0	0	0	0	0	0	0	0	0	0	0	0	0	0	0	0	0	0	0	0	0	0	0	0	0	0	0	0	0	0	0	0	0	0	0	0	0	0	0	0	0	0	0	0	0	0	0	20	0
ceaa352d74a5209958a7fb33c54bd092	0	11	0	0	0	28	0	33	0	0	20	0	0	29	8	0	17	0	0	0	0	0	63	31	0	0	0	0	0	0	29	18	0	0	43	28	0	0	0	0	31	15	45	24	25	50	95	49	12	30	8	0	64	55	0	0	0	0	0	0	0	0	0	0	0	0	11	0	0	0	0	0	0	0	0	0	0	0	0	0	0	0	24	0	0	0	0	0	0	0	0	0	0	0	0	0	0	0	0	0	0	0	0	0	0	0	0	0	0	0	7	43	0	0	0	0	0	0	0	0	0	0	0	0	35	0	0	20	0	0	0	0	0	0	0	0	0	0	0	0
d0fc9bc07285f9e646432d5c195dc748	0	0	0	0	0	0	53	0	0	0	36	0	0	0	0	0	0	49	0	0	0	0	6	0	0	0	0	0	0	0	48	26	83	19	0	0	0	0	0	0	57	17	58	64	40	65	0	0	0	0	0	0	56	33	86	66	0	0	0	0	0	0	0	0	0	0	0	0	0	0	0	0	0	0	0	0	0	0	0	0	0	0	57	70	0	0	0	0	0	0	0	0	0	0	0	0	0	0	0	0	0	11	0	0	0	0	0	0	0	0	0	23	0	13	0	0	0	0	0	0	0	0	0	60	57	0	0	0	0	0	0	0	0	0	0	0	0	0	0	0
de9693f00c2729ac9161e034c4710926	35	23	37	25	35	83	96	57	0	0	87	69	51	81	26	43	51	52	13	38	26	23	59	36	87	0	19	24	45	42	78	66	133	44	83	62	0	0	0	0	45	0	123	88	53	56	131	98	58	74	63	49	172	124	58	65	75	0	47	0	0	0	0	0	0	0	0	19	22	0	0	0	118	40	0	0	0	0	0	0	0	0	107	0	0	0	196	10	0	0	0	0	0	0	0	61	0	0	76	0	0	0	0	0	0	0	0	0	8	0	45	70	0	0	0	0	0	0	0	0	0	56	0	65	72	9	0	0	0	9	0	14	0	25	0	0	0	0	91	0
e2d5ef841dbbfab4892e51db9776003d	22	36	0	0	27	24	84	0	115	26	33	0	0	18	0	0	29	19	0	0	0	21	52	43	0	0	0	0	19	67	48	34	68	0	0	0	301	128	88	29	24	0	29	18	20	65	35	26	0	0	0	0	148	135	26	32	0	0	0	0	0	0	0	0	0	0	0	0	0	0	0	0	61	51	0	0	0	0	0	0	0	0	0	0	0	0	0	19	0	0	0	0	0	0	0	0	0	0	0	0	0	4	0	0	0	0	0	0	0	0	16	49	0	0	0	0	21	0	0	0	0	0	0	0	41	30	0	0	0	13	0	0	0	0	0	0	0	0	31	0
e4af83cc734f6a9d696de87fa98c7928	46	36	55	53	22	74	101	52	0	68	48	48	28	90	17	39	59	78	29	73	37	42	130	66	106	49	66	35	32	53	138	68	136	34	147	46	12	0	269	102	71	29	134	99	76	112	186	133	69	132	96	66	254	221	103	68	131	55	76	30	23	0	45	0	36	0	33	80	7	0	0	0	132	0	0	0	0	0	0	0	0	0	49	0	27	0	483	147	11	0	0	0	0	0	31	129	0	0	83	0	4	0	0	0	0	43	0	0	5	0	47	179	16	0	0	0	0	0	0	0	0	0	28	0	95	0	0	15	11	12	14	12	0	0	0	0	0	0	201	0
f5f5ce0452238ed27dbcba5fd792f4c3	70	89	29	23	70	99	194	29	310	75	77	21	63	70	35	47	82	57	0	73	47	67	179	144	31	30	20	22	80	148	144	73	204	61	47	18	823	357	255	84	91	45	53	81	72	151	112	103	25	41	49	51	421	404	78	76	46	12	61	21	0	0	0	18	14	0	165	39	44	0	0	0	67	0	0	0	12	0	0	0	0	0	69	91	0	0	54	0	6	0	31	16	0	0	22	105	0	0	13	0	0	0	0	0	0	0	0	0	25	0	62	185	11	0	0	0	0	5	0	0	0	42	0	40	118	21	0	0	0	0	0	0	5	12	4	0	0	0	111	0
4778af7c436c9231ee5b1faa20c054c4	110	61	120	124	77	22	148	149	15	0	155	50	92	62	45	96	102	140	41	103	135	92	318	119	329	122	118	71	165	132	35	0	354	53	90	118	41	14	44	18	212	94	426	199	147	139	202	123	100	184	167	107	396	248	283	127	214	56	175	34	25	0	66	0	0	0	142	66	9	0	10	0	150	19	0	3	0	0	0	0	0	0	49	68	0	0	164	42	0	0	11	0	0	0	78	98	0	0	27	0	14	0	0	0	0	0	3	7	0	0	0	0	21	0	0	0	0	0	0	0	0	19	25	17	204	0	0	58	0	14	21	11	0	0	7	25	0	0	150	0
fd7641cf059de28cdbb0136ac5dc499d	175	199	221	101	305	29	1587	533	255	199	212	198	33	10	81	142	184	140	219	324	207	220	555	344	221	240	142	101	195	338	72	47	1998	421	1263	662	3156	558	966	281	234	104	549	431	100	125	75	42	494	1128	222	166	818	458	264	261	1045	606	296	61	249	6	389	0	79	4	76	146	159	0	0	0	878	100	0	29	40	60	0	0	50	0	637	484	48	0	250	0	111	0	11	0	28	0	202	101	93	0	618	25	123	47	60	267	161	112	55	43	637	301	12	21	1292	208	12	28	171	554	9	12	24	58	524	273	191	40	0	10	546	446	219	24	51	74	59	34	8	20	798	280
0250b271977e527101b6a678c57bcd56	44	63	152	134	3	138	0	151	0	90	71	42	36	94	0	113	72	0	41	154	41	42	152	56	164	46	94	79	0	0	193	67	15	0	456	109	20	0	262	76	105	53	135	64	55	60	306	143	77	108	152	65	200	104	15	0	277	70	121	38	0	0	0	0	0	0	0	138	0	0	0	0	0	0	0	0	0	0	0	0	0	0	32	0	0	0	0	0	0	0	11	0	0	0	0	0	21	0	46	0	0	0	0	0	76	46	13	0	0	0	83	226	0	0	0	0	0	0	0	0	0	27	24	52	132	6	17	33	0	18	48	40	0	23	0	0	0	0	383	0
0f01c16f26d692240b06aa7e387d3160	1928	876	1809	1413	1447	1959	1605	1484	525	490	2134	295	413	1078	158	1138	272	80	151	1215	2203	2382	2682	1940	2718	1368	1471	955	1020	1563	2918	2099	2348	764	3918	1118	3986	1013	2344	579	2613	1456	827	826	1065	1663	3621	1827	1083	2827	2273	1356	1407	667	330	255	1811	473	1514	378	362	86	311	0	205	0	158	1397	241	29	0	10	528	77	5	13	37	26	21	0	132	111	959	920	145	0	3165	240	43	0	472	97	80	0	106	139	23	62	1198	118	187	101	36	85	273	413	105	170	606	287	1186	1825	712	109	34	24	93	194	0	0	70	566	234	434	1614	245	207	232	178	504	505	289	41	33	25	63	0	22	2386	377
3e75811428b84018c6e7efa117a19b7f	269	160	217	291	346	247	401	335	408	265	201	51	161	219	32	203	137	204	116	198	409	217	318	148	282	73	208	118	487	543	583	232	439	142	272	260	608	241	475	173	273	124	447	251	171	235	548	403	168	270	528	285	559	237	372	146	586	193	311	57	0	0	0	0	18	0	61	171	53	4	0	0	14	39	18	198	29	0	13	0	58	0	96	60	0	0	0	253	14	0	70	93	0	0	0	58	105	0	62	0	0	6	0	0	10	35	0	0	111	34	64	459	58	7	12	0	10	15	0	0	0	48	38	36	307	0	0	88	8	58	35	25	0	0	7	0	0	0	504	0
69cdd4a6590a33c7001ad4445a3a358b	23	26	22	0	64	16	0	0	0	0	0	0	0	0	0	0	0	0	66	13	18	31	78	58	160	72	0	0	54	121	46	12	0	0	0	0	0	0	0	0	0	0	0	0	0	0	0	0	0	0	0	0	0	0	0	0	317	118	110	40	0	0	0	0	8	0	0	0	0	0	0	0	0	0	0	0	0	0	0	0	0	0	0	0	0	0	0	0	0	0	0	0	0	0	0	0	20	0	0	0	0	0	0	0	0	0	0	0	13	0	25	66	0	0	0	0	0	0	0	0	0	0	0	0	0	0	0	0	0	0	0	0	0	0	0	0	0	0	161	0
a3091abfe4af2afce7e48b914d73fc9d	10	40	12	30	48	90	0	16	66	63	90	0	27	26	11	30	16	0	32	32	12	0	123	75	67	15	30	19	84	91	112	56	10	0	31	34	195	65	222	98	53	21	71	45	40	91	83	60	60	109	50	32	79	38	37	17	149	29	52	20	0	0	0	0	0	0	0	37	0	0	0	0	0	0	0	0	0	0	0	0	0	0	27	0	0	0	35	11	0	0	31	0	0	0	0	0	0	0	0	0	0	0	0	9	0	0	0	0	0	0	42	148	0	0	0	0	0	18	0	0	0	0	0	0	112	8	0	0	6	7	9	13	0	0	0	0	0	0	151	0
1451ad8f02adef43599b404f879882df	112	159	138	179	199	160	567	89	313	390	794	67	118	115	39	114	260	206	119	156	150	61	326	56	135	76	66	56	191	330	236	70	593	155	630	129	652	41	936	126	347	76	640	121	276	112	339	64	124	163	342	117	512	436	297	134	409	136	154	43	0	0	0	0	27	0	104	46	0	0	0	46	395	27	0	0	8	0	10	0	0	6	67	243	0	0	358	30	9	0	15	14	0	0	44	75	0	0	4	0	0	0	9	15	8	96	4	4	37	10	103	140	33	42	0	4	21	57	0	0	12	93	4	163	545	75	23	24	15	0	47	41	5	10	22	8	5	4	499	11
6d276685ac8cf004e4a6b09fdaf54813	0	0	38	0	235	0	0	0	0	0	0	0	0	0	0	0	0	0	20	5	0	9	6	7	121	96	0	0	196	464	0	0	0	0	13	5	0	0	10	0	0	0	0	0	0	0	5	0	6	18	0	0	0	0	0	0	72	32	26	3	0	0	0	0	0	0	0	0	107	0	13	0	0	0	0	0	0	0	0	0	0	0	0	0	0	0	0	0	0	0	0	0	0	0	0	0	0	0	10	0	0	0	0	0	0	42	0	0	36	19	3	0	0	0	0	0	0	0	0	0	0	0	0	0	0	0	0	0	0	13	0	0	0	0	0	0	0	0	64	0
2fff73f7e920ddd16a184f7b36317d98	32	29	61	55	36	38	50	24	75	96	39	7	8	27	12	32	35	40	5	18	49	20	74	44	95	25	43	39	33	33	88	28	79	16	75	33	274	93	239	75	57	28	56	33	30	35	103	63	28	44	42	39	143	86	71	36	42	4	40	11	0	0	0	0	50	0	0	38	5	0	0	0	21	13	0	0	20	0	0	0	0	0	0	0	8	0	0	0	0	0	11	16	0	0	14	33	0	0	10	0	0	0	0	0	0	0	0	0	0	0	21	49	0	0	0	0	7	0	0	0	0	26	0	34	33	0	0	0	0	0	7	10	0	0	0	0	0	0	42	0
3c8cf5c5f0d920d689c0dfe7870d4805	0	22	20	19	11	0	33	0	0	41	16	0	0	0	0	16	0	0	0	0	0	0	64	38	40	15	13	9	21	30	27	0	39	0	26	0	110	34	77	18	14	0	18	0	0	24	42	22	0	0	23	13	52	36	39	0	0	0	0	0	0	0	0	0	0	0	0	0	0	0	0	0	0	0	0	0	0	0	0	0	0	0	17	43	0	0	124	26	0	0	18	0	0	0	0	0	0	0	0	0	0	0	0	0	0	0	0	0	0	0	0	0	0	0	0	0	0	0	0	0	0	12	0	28	0	0	0	0	0	0	0	0	0	0	0	0	0	0	0	0
63824defa05bc0d1c9615d56be49d50b	11	0	12	8	9	17	25	16	4	10	10	8	12	12	5	6	7	0	24	18	22	17	12	0	19	5	9	8	15	14	41	24	26	9	63	22	28	10	40	11	13	6	34	14	6	26	9	15	17	16	11	8	23	16	8	0	76	28	9	8	0	0	0	0	0	0	0	0	0	0	0	0	48	0	6	0	0	0	0	0	0	20	0	0	0	0	0	0	0	0	0	0	0	0	0	0	11	0	0	0	0	0	0	0	0	0	0	0	0	0	19	27	0	0	0	0	0	0	0	0	0	11	0	0	14	0	0	0	0	0	11	0	0	0	0	0	0	0	29	0
9582103d2308a5094b1fa806ecd0e674	32	0	0	0	0	43	196	80	186	97	43	21	39	43	0	49	39	145	13	57	39	29	0	0	0	0	0	0	0	0	78	37	263	55	131	76	754	200	229	50	58	30	107	92	95	149	93	62	45	82	90	53	165	93	365	209	83	29	90	37	0	0	0	0	0	0	0	0	0	9	0	0	90	41	0	146	0	0	0	0	0	0	67	71	0	0	30	87	0	0	0	14	0	0	31	288	0	0	10	0	0	0	0	0	0	0	0	8	0	0	25	88	11	5	0	0	12	0	0	0	0	0	0	38	125	0	0	0	8	0	8	0	0	0	10	11	0	0	187	4
00a406c81cbbd191e3cab85c3e2ddca5	90	11	60	38	52	20	75	46	0	0	36	25	11	30	10	22	55	133	18	24	94	99	39	27	53	31	21	21	35	51	40	24	33	14	129	31	0	0	0	0	27	20	66	77	27	79	20	44	19	55	25	20	126	86	162	134	91	37	24	0	317	0	179	0	15	0	0	26	7	0	0	0	32	0	0	0	0	0	0	0	0	0	208	28	100	0	18	0	11	0	0	0	0	0	195	495	0	0	64	0	63	48	0	0	26	0	14	19	43	21	19	34	84	10	10	0	0	0	0	0	0	16	67	49	81	21	0	0	0	0	29	26	26	15	56	0	0	0	59	25
0363df3e7160446b087209ec283fab45	38	30	46	24	22	44	59	118	80	155	283	36	44	40	24	58	19	86	19	117	26	27	118	70	35	12	15	17	27	31	79	42	101	23	369	127	378	80	314	80	241	146	78	54	63	132	77	33	45	101	87	59	62	33	64	45	54	0	117	47	62	0	274	0	24	0	68	0	37	10	28	0	0	0	12	125	85	0	115	0	28	0	198	7	168	0	841	214	0	0	14	0	0	0	127	30	0	0	675	0	52	21	0	28	13	0	12	28	31	31	45	75	140	34	51	0	249	315	0	0	27	57	69	77	151	93	0	25	13	30	143	42	18	0	32	11	0	0	332	335
18bda817a6acd8c238db4768702123e3	80	99	213	169	123	90	107	151	215	241	166	107	67	164	21	182	142	210	104	69	87	125	359	155	357	135	143	122	114	129	187	92	121	35	453	129	826	198	650	175	189	95	314	230	131	190	292	248	136	258	270	197	523	307	182	84	395	196	79	34	104	15	487	0	113	33	0	174	73	0	0	0	45	0	11	0	177	103	612	3	65	0	1042	207	157	0	226	0	22	0	47	38	231	11	135	189	39	0	313	15	76	54	0	0	399	49	105	149	265	171	84	202	158	61	40	19	508	262	13	0	23	12	359	248	267	149	12	10	41	36	462	156	156	90	40	0	9	0	191	151
334f7328673a942af1c7ba68bfe86d5b	71	17	35	32	29	32	53	25	27	30	31	0	0	41	0	22	34	26	29	34	75	84	40	26	35	18	19	0	14	36	62	46	20	30	100	46	118	39	85	43	0	0	0	12	0	35	0	37	0	43	26	23	36	30	47	36	38	32	29	0	0	0	132	0	28	0	0	27	0	0	0	0	20	0	0	9	30	14	0	0	0	0	21	0	0	0	96	0	0	0	0	0	0	0	72	50	0	0	21	0	38	29	0	0	15	30	0	0	26	0	39	76	54	0	0	0	55	59	0	0	0	0	0	31	27	0	0	0	0	21	19	0	0	0	0	0	0	0	62	32
38db7efedec3b49eb62c4b8f7f516a29	47	21	89	52	42	57	86	36	0	0	29	12	19	14	0	31	23	14	15	26	35	47	55	35	259	148	38	25	30	60	102	57	153	30	156	72	0	0	0	0	33	22	28	43	36	47	38	18	26	36	54	41	170	126	85	39	82	53	27	11	0	0	0	0	0	0	125	53	0	0	26	58	89	58	0	0	0	0	0	0	0	0	0	33	0	0	133	42	0	0	0	0	0	0	9	0	0	0	0	0	0	0	0	10	0	0	0	0	0	0	74	106	9	0	0	0	0	0	0	0	0	0	0	0	54	0	0	0	0	9	0	0	0	0	14	0	0	0	83	0
5d10a622068afa2a45d21890a969cc66	43	15	23	19	22	18	27	0	19	25	19	0	0	28	0	9	17	12	0	18	23	44	15	12	16	10	0	13	0	27	25	23	11	8	50	19	58	15	51	11	18	0	0	0	0	18	0	31	15	30	0	9	27	33	23	27	24	17	11	0	0	0	141	0	0	0	0	0	0	0	0	0	25	0	0	0	0	0	0	0	0	0	0	0	0	0	61	0	0	0	0	0	0	0	32	0	0	0	25	0	18	0	0	0	9	0	0	0	13	0	19	79	48	22	0	0	22	10	0	0	0	14	0	0	18	10	0	0	0	0	0	0	0	0	0	0	0	0	48	0
9608d1ed1ae272648b63de482e0a34b4	0	0	21	14	23	18	0	0	14	44	41	0	0	24	0	16	0	13	0	0	40	74	31	0	21	27	18	0	9	48	57	36	25	0	40	0	60	19	50	0	22	0	0	16	0	48	0	24	0	21	0	8	22	23	53	37	0	29	0	0	0	0	0	0	35	0	0	25	0	0	0	0	19	0	0	0	0	0	0	0	0	0	22	0	0	0	119	0	0	0	0	0	0	0	0	0	0	0	39	0	41	0	0	0	18	0	0	19	32	31	32	45	34	0	0	0	49	0	0	0	0	27	0	0	19	0	0	0	0	0	0	0	0	0	0	0	0	0	71	0
9c588db012b6136d0bea3d78b62f15ec	89	26	0	16	21	19	67	0	19	0	0	25	0	24	0	0	0	19	0	0	40	0	0	33	19	0	0	0	15	0	0	0	0	0	59	0	52	27	41	0	0	0	0	0	0	0	0	25	26	24	0	13	25	25	0	0	52	0	0	0	50	0	149	0	0	0	0	0	0	0	0	0	0	73	0	0	0	0	0	0	0	20	0	0	0	0	47	0	0	0	0	0	0	0	0	165	0	0	57	0	0	0	0	0	0	0	0	0	0	0	0	59	37	0	0	0	0	25	0	0	0	0	20	0	18	0	0	0	0	0	0	0	0	0	0	0	0	0	0	0
f0c51de66c7ba0d844e8273845c3a148	0	0	0	0	0	0	0	0	0	0	0	0	0	0	0	0	0	0	0	0	0	0	0	0	0	0	0	0	0	0	0	0	0	0	0	0	77	13	0	0	0	0	0	0	0	0	0	0	29	61	31	26	0	0	0	0	0	0	0	0	0	0	0	0	0	0	0	0	0	0	0	0	0	0	0	0	0	0	0	0	0	0	0	0	0	0	0	0	0	0	15	0	0	0	0	0	0	0	0	0	0	0	0	0	0	0	0	0	0	0	0	0	0	0	0	0	0	22	0	0	0	0	0	0	0	0	0	0	8	0	18	7	0	0	0	0	0	0	0	0
1596e22ef283fb397d99e2cff31bdad4	0	0	0	0	0	0	47	0	0	0	0	0	0	0	0	0	0	0	13	0	0	0	0	0	0	0	0	0	0	27	33	0	24	31	0	0	0	0	0	0	0	0	0	0	0	0	0	0	0	0	0	0	0	0	0	0	27	0	0	0	22	0	48	0	0	0	0	0	0	0	0	0	69	0	0	0	0	0	0	0	0	0	0	0	0	0	0	0	0	0	0	0	0	0	0	0	0	0	81	0	0	0	0	0	0	0	0	20	44	31	0	41	86	0	0	0	0	0	0	0	0	0	28	0	0	0	0	0	0	0	0	0	0	0	0	0	0	0	36	0
c175ae81d05b8a6398283f16343f87f9	80	119	176	147	65	119	165	91	183	139	123	40	41	123	0	77	45	86	34	43	70	59	169	99	248	91	58	49	74	109	158	60	194	47	220	57	555	169	279	74	121	62	176	134	51	165	92	144	73	125	108	126	151	111	184	113	152	65	75	21	62	0	298	0	55	0	0	96	25	0	0	0	247	25	10	39	70	27	76	0	0	0	249	0	150	0	88	0	0	0	16	0	29	0	117	225	0	0	145	0	78	0	0	0	144	108	19	31	94	29	54	159	321	39	28	0	352	125	0	0	0	12	124	93	196	100	0	12	0	22	161	75	48	58	49	0	0	23	168	74
a45148a6c1c7b3182012ee54c99ce070	45	19	27	37	25	20	51	38	15	32	29	26	13	27	9	34	27	7	11	20	56	48	60	39	64	34	25	21	26	31	58	23	52	23	65	64	80	26	99	35	39	21	80	42	28	39	62	56	30	71	47	38	135	62	20	8	73	25	25	14	56	0	337	0	23	0	52	35	10	0	0	0	12	0	20	0	6	0	30	0	14	0	69	0	7	0	91	40	0	0	0	0	15	0	0	24	4	0	32	0	0	9	0	0	0	0	0	11	9	0	10	31	6	2	0	0	4	0	0	0	0	0	19	38	50	0	0	0	8	0	13	0	0	10	0	0	0	0	59	6
33487598f9cfd4bc0803be4596b296b4	133	64	128	58	123	196	136	137	0	149	0	81	39	323	51	47	67	0	13	45	127	157	497	256	171	61	59	31	212	317	164	75	206	32	140	120	29	0	298	104	0	0	271	224	61	126	1015	560	67	165	87	70	210	142	15	0	114	41	42	22	0	0	0	0	0	0	0	73	21	0	0	0	26	38	0	0	0	0	0	0	0	0	63	164	0	0	32	0	0	0	9	14	0	0	0	13	0	0	0	0	0	0	0	0	0	30	0	0	31	0	60	148	5	0	0	0	0	0	0	0	0	0	0	48	93	0	48	26	7	41	23	20	0	0	0	0	0	0	130	0
03c983a054ac71f40a30031f9588aa4f	0	0	0	88	155	0	0	0	0	0	0	0	74	42	0	165	0	0	37	108	0	0	0	0	465	395	200	109	156	308	0	0	0	0	0	0	0	0	0	0	0	0	134	164	172	275	343	212	164	480	207	168	204	124	0	0	276	124	122	36	0	0	0	0	0	37	0	266	0	0	0	107	0	0	0	0	0	0	0	0	0	0	160	452	0	0	392	143	0	0	144	0	0	0	0	0	0	0	0	0	0	0	0	0	0	80	0	0	0	28	0	0	0	0	0	0	0	0	0	0	0	0	0	45	292	0	59	0	112	141	0	0	0	0	0	0	0	0	320	0
11bfa3a00f4ce144c255af9c50f60e4e	0	0	0	0	0	0	0	0	0	0	0	0	12	0	0	0	0	0	0	0	0	0	0	0	0	0	0	0	0	0	42	0	0	0	0	0	0	0	0	13	0	17	0	0	0	0	0	0	0	0	0	0	0	0	0	0	0	0	0	0	0	0	33	0	0	0	0	0	0	0	0	0	0	0	0	0	0	0	0	0	0	0	0	78	0	0	0	0	0	0	0	0	0	0	0	0	0	0	12	0	0	0	0	0	0	0	0	0	0	0	0	47	0	0	0	0	0	0	0	0	0	0	0	0	0	0	0	0	0	0	0	0	0	0	0	0	0	0	0	0
1428594f335e05350d27aabbbf9691f0	0	0	0	0	0	0	0	0	0	0	0	0	0	0	0	0	0	0	154	0	0	0	0	0	0	0	0	0	0	0	0	0	33	0	0	0	0	0	0	0	0	0	0	0	0	0	0	0	0	0	0	0	0	0	0	0	421	83	0	0	0	0	0	0	0	0	0	0	0	0	0	0	0	0	0	0	0	0	0	0	0	0	0	0	0	0	0	0	0	0	0	0	0	0	0	0	0	0	0	0	0	0	0	0	0	0	0	0	0	0	0	0	0	0	0	0	0	0	0	0	0	0	0	0	0	0	0	0	0	0	0	0	0	0	0	0	0	0	0	0
2b361a2f73cf44e4f15039ea675fd52a	2094	451	27	0	0	0	31	194	0	0	254	32	0	0	0	0	76	0	0	0	2142	3482	1222	581	76	0	0	23	24	49	104	61	194	23	2270	2001	96	31	85	38	363	235	588	495	0	23	74	60	40	75	0	41	138	90	65	58	79	46	29	0	0	48	8	0	0	0	8	0	0	0	0	0	0	0	0	0	0	66	0	0	0	25	360	550	0	0	0	0	0	0	0	0	0	0	0	0	0	0	0	0	29	30	31	0	0	0	0	0	0	18	0	25	0	0	0	26	0	0	9	13	30	93	36	262	0	0	0	0	0	0	64	18	0	0	0	15	0	0	0	0
304366cb02cbad86f14181a5e14c3bb3	0	0	0	137	201	0	0	0	0	0	0	0	83	70	0	234	0	0	64	138	0	0	0	0	593	489	230	162	203	412	0	0	0	0	0	0	0	0	0	0	0	0	160	155	234	325	371	239	178	561	238	172	261	152	0	0	351	161	150	0	0	0	0	0	26	0	0	314	0	0	0	0	0	0	0	0	0	0	0	0	0	0	78	363	8	0	322	0	0	0	98	0	0	0	33	0	0	0	0	0	0	0	0	0	44	74	0	0	0	0	0	0	0	0	0	0	0	0	0	0	0	0	0	70	337	0	0	0	127	191	0	0	0	0	0	0	0	0	402	0
312bfa3bd62e4121a210a0f1720a0bde	33	146	91	313	506	24	28	0	0	49	0	41	214	124	0	580	156	62	104	288	58	66	702	454	1387	1200	547	416	526	1045	102	94	160	38	103	59	103	47	127	40	64	56	356	416	499	814	1163	554	552	1337	635	527	421	306	1547	1210	881	415	369	154	0	0	0	0	0	0	0	847	57	0	0	0	0	0	0	0	0	0	0	0	0	0	243	453	0	104	974	162	24	21	188	52	0	0	132	269	25	13	0	0	0	0	26	159	0	146	0	25	72	0	0	0	0	0	0	0	0	0	0	0	0	0	0	187	894	45	105	243	369	537	177	101	0	0	127	0	0	19	947	30
6878fb447c344d84962f691dc7a13f73	11	140	0	0	0	165	186	32	0	579	0	0	0	54	67	95	0	0	27	21	0	15	452	179	19	12	0	0	0	15	224	152	337	146	254	238	34	14	1260	421	14	0	24	0	18	0	471	340	53	133	205	146	33	12	27	0	106	35	72	31	0	0	0	0	0	0	0	0	0	0	0	0	133	12	0	8	0	0	60	0	0	0	0	0	0	0	0	0	0	0	39	28	0	0	0	0	0	0	0	0	0	0	0	19	0	0	0	0	0	0	138	182	0	0	0	32	0	0	0	0	0	0	0	0	0	0	0	0	7	0	48	43	0	0	0	0	0	0	207	0
bc47e170c7b1187ce11a97affd378bff	336	30	517	729	1009	0	0	26	0	0	0	0	0	0	0	0	126	0	568	0	324	475	58	50	2374	1488	779	457	648	1487	0	52	88	0	52	62	88	0	0	24	20	0	660	915	27	0	0	0	23	0	26	0	1105	802	951	712	2543	1169	63	45	0	0	0	0	0	0	0	1738	0	0	0	0	0	0	0	0	0	10	0	0	0	0	219	655	0	0	274	67	0	0	0	0	0	0	104	248	0	30	0	0	0	0	0	0	0	640	0	27	0	72	0	0	0	11	0	0	0	0	0	0	0	0	0	282	0	0	0	37	0	0	29	0	58	0	102	0	0	0	117	0
bf795ec0789f0beb9c3d0cedf059ed53	1517	612	1711	673	587	3490	3239	127	949	1184	540	71	447	173	284	214	122	222	140	345	1493	1429	2223	971	4528	1990	931	644	765	1034	6114	2882	4867	1105	569	248	5834	1794	4231	1409	868	472	599	390	965	1336	867	517	1502	3316	268	213	703	410	2269	1071	1045	336	445	136	28	19	134	5	118	0	376	1141	75	79	22	242	2843	303	0	33	333	0	51	7	44	32	50	111	0	0	1603	236	25	9	101	0	0	0	233	207	192	57	12	12	32	17	30	0	60	761	42	27	47	45	3099	4981	67	103	21	31	81	39	13	7	28	162	0	81	1397	80	11	180	193	342	98	31	17	16	70	30	0	20	984	9
c5481c14c182a43d18603a2c117d9bb0	438	0	623	818	1268	20	41	0	0	0	20	52	17	0	0	0	118	45	647	0	459	530	89	66	3069	1779	973	645	843	2002	104	0	0	0	62	0	0	41	104	0	25	44	695	978	0	41	99	59	0	76	0	30	1193	876	997	757	2984	1317	85	0	0	35	113	0	0	0	0	2218	0	0	0	0	0	0	0	0	0	0	0	81	0	0	360	921	0	0	451	203	0	24	0	0	0	0	0	225	121	0	0	0	0	10	0	20	9	537	0	0	18	0	0	0	0	0	0	0	21	0	0	0	0	0	55	205	0	0	0	47	0	0	0	0	0	62	75	0	0	27	177	0
f6f232a58801557c4716c0b263d471f3	1192	270	0	0	0	34	0	116	40	0	133	0	0	0	0	0	0	0	0	0	1292	2060	748	333	0	0	0	0	0	0	0	0	124	0	1363	1167	0	0	0	0	224	126	396	308	0	0	0	0	0	0	0	0	0	0	0	0	0	0	0	0	0	0	0	0	0	0	0	0	0	0	0	45	0	0	0	0	0	0	0	0	0	0	182	362	0	0	0	0	0	0	0	0	0	0	25	0	0	0	0	0	0	0	0	87	0	0	35	0	0	0	0	0	0	25	32	0	0	0	0	0	0	75	0	111	0	0	0	0	0	0	0	0	0	18	0	0	0	0	0	0
95ffe1cb21830db3bd639dd1d987cc61	560	495	158	502	395	453	778	284	39	397	307	63	163	288	118	299	198	141	52	200	520	484	1637	531	517	153	462	323	493	369	901	604	1541	855	1062	677	68	26	721	172	674	283	1259	519	213	188	1213	584	351	800	563	235	1062	515	1043	454	420	101	446	91	0	0	44	0	68	0	435	356	73	0	68	57	670	35	0	123	0	0	7	0	71	0	244	369	0	0	1145	134	4	0	144	17	0	0	44	76	0	0	82	0	12	0	0	9	13	18	10	0	34	34	601	426	18	7	0	0	0	0	0	0	12	104	23	187	306	0	25	70	38	85	75	58	16	0	46	4	0	0	606	6
0e22d51ebfa2d0def7d3617ed9f9cc5d	0	76	42	115	0	80	0	182	0	0	239	48	60	33	19	265	121	0	223	230	0	32	460	202	52	0	137	99	41	0	247	125	59	0	1330	822	0	0	44	21	590	315	512	330	111	120	567	333	0	45	576	368	1269	599	94	38	1044	417	916	249	0	0	0	0	0	0	0	185	0	0	0	0	0	0	0	0	0	0	0	0	0	0	168	156	0	0	0	0	0	0	360	0	0	0	0	0	363	0	197	0	0	0	0	0	0	0	0	0	0	0	104	181	0	0	0	0	0	0	0	0	0	142	0	137	134	16	0	124	0	0	120	70	0	100	0	0	0	0	2781	0
0f67c88823a680ab5a1ec37016573112	42	0	277	237	482	325	0	0	339	543	0	0	0	107	50	137	61	0	292	110	61	47	0	0	915	346	417	251	606	729	1035	440	0	0	0	0	858	219	1183	337	0	0	0	0	0	0	588	390	143	321	248	159	446	248	0	0	1343	236	255	89	0	0	0	0	74	0	131	464	105	0	0	0	0	0	0	0	0	0	0	0	114	0	0	0	0	0	103	0	0	0	44	51	0	0	0	0	0	0	60	0	9	0	0	0	0	162	19	0	73	0	1108	1138	0	0	0	0	0	45	6	0	0	0	0	0	0	0	10	0	17	0	0	0	0	28	0	0	4	0	566	0
4b7a65f7a07df354e6984f3358097446	0	0	0	0	0	0	464	0	0	0	83	0	117	0	0	0	0	0	0	0	0	0	0	0	0	0	0	0	0	0	0	0	926	283	0	0	0	0	0	0	274	106	227	126	94	192	0	0	0	0	0	0	0	0	0	0	0	0	0	0	0	0	0	0	0	0	0	0	0	0	2	9	508	69	0	0	0	0	0	0	0	0	0	101	0	0	0	0	0	0	0	0	0	0	0	0	0	0	0	0	0	0	0	0	0	0	0	0	0	0	0	0	54	0	0	0	0	0	0	0	0	0	0	0	215	0	0	0	0	0	0	0	0	0	0	0	0	0	0	0
529a1efa3efd3cbb857c710db46a4c31	0	0	0	0	0	0	0	0	0	0	0	0	0	0	0	0	0	0	0	0	0	0	0	0	0	0	0	0	0	0	0	0	0	0	0	0	0	0	0	0	0	0	0	0	0	0	15	0	0	0	0	0	0	0	0	0	0	0	0	0	0	0	0	0	0	0	0	0	0	0	0	0	0	0	0	0	0	0	0	17	0	0	0	0	0	0	386	125	0	0	0	0	0	0	0	0	0	0	0	0	0	0	11	0	0	0	0	0	0	0	0	0	0	0	0	0	0	0	0	0	0	0	0	0	0	0	0	0	0	0	0	0	0	0	0	0	0	0	0	0
91ecc950f9b6a538ac0fbb2e57c20011	73	13	493	351	785	568	701	20	481	810	153	22	241	160	101	221	113	11	366	140	117	95	86	66	1461	550	618	396	914	1079	1551	677	1592	478	69	42	1262	348	1743	525	477	214	391	310	173	338	977	627	195	430	376	246	689	403	88	51	2029	344	461	151	0	0	0	0	0	47	120	767	184	12	0	0	674	175	0	0	47	0	36	0	57	94	27	73	0	0	0	117	0	0	57	44	9	0	18	0	52	0	90	0	0	3	8	0	22	264	0	34	87	72	1689	1811	0	34	0	0	35	0	0	0	9	119	11	43	386	25	0	99	0	100	96	35	6	0	3	0	0	14	835	16
bd5a75e6a71b8a623e78e3d79e835f23	96	0	13	0	0	31	42	0	11	51	22	0	14	12	0	24	11	0	9	0	109	83	0	0	33	22	0	0	0	0	59	28	93	44	79	52	110	37	155	49	37	30	59	31	37	58	84	47	17	33	37	32	47	31	54	34	57	20	22	7	6	0	0	0	0	0	0	0	0	0	0	0	78	0	0	0	0	0	4	0	0	0	0	28	9	0	0	0	0	0	29	0	0	0	0	0	12	0	0	0	8	0	0	0	0	16	0	0	0	0	28	52	0	0	0	0	0	0	0	0	0	34	0	0	41	0	0	0	0	0	0	0	0	0	0	0	0	0	39	0
f68405f867979a28365e9aa03e6707ec	39	0	0	0	0	0	20	0	0	17	0	0	0	0	0	0	0	0	0	0	27	33	0	0	17	0	0	0	0	0	16	0	38	0	24	0	38	0	46	0	16	0	0	0	0	26	0	0	0	0	15	0	19	13	18	0	0	0	0	0	0	0	0	0	0	0	38	0	0	0	0	0	45	0	0	0	0	0	0	0	0	0	0	0	0	0	0	0	0	0	0	0	0	0	0	0	0	0	0	0	0	0	0	0	0	0	0	0	0	0	0	0	0	0	0	0	0	0	0	0	0	0	0	0	17	0	0	0	0	0	0	0	0	0	0	0	0	0	0	0
3988a02c2ab9bf2faa5dd2430ffb401e	0	0	0	0	0	12	0	0	0	0	27	0	10	0	34	49	0	0	0	0	0	0	20	0	17	0	0	0	0	0	120	80	78	0	17	15	16	9	0	0	92	56	29	28	15	21	18	0	0	15	57	105	17	13	32	31	19	0	0	0	0	0	0	0	0	0	0	0	0	0	0	0	0	0	0	0	0	0	0	0	0	71	26	52	0	0	0	0	0	0	24	0	0	0	0	0	0	0	0	0	0	0	0	0	0	0	0	0	0	0	47	73	0	0	0	0	0	0	0	0	0	30	0	0	15	0	0	0	0	0	0	44	0	0	0	0	0	0	0	0
688d8c08c9dd5ebb787b05dcf5e4b5a8	0	439	0	0	0	908	981	132	285	249	355	0	242	182	59	529	202	57	0	126	0	0	1131	832	0	0	0	0	0	0	1829	1028	1364	473	211	651	724	713	634	375	1089	591	776	877	395	613	1767	674	588	1352	497	315	1693	1063	1050	899	166	0	530	159	0	13	50	0	0	0	0	0	0	0	7	0	603	202	0	0	147	0	0	0	0	69	642	1301	0	0	1587	86	175	0	123	0	0	9	150	257	0	0	71	0	0	0	0	312	0	0	0	0	0	0	963	1054	0	0	0	0	0	73	0	0	75	370	0	609	640	0	70	280	334	433	59	182	0	0	46	0	0	0	1137	0
8d17a35a143e415f456e2792870bca0c	93	1230	85	57	44	2853	2911	509	1012	796	1186	110	891	642	150	1639	479	141	36	479	114	158	3405	2528	208	151	86	69	136	107	5578	3127	4370	1407	634	2111	2099	2266	1991	1062	3331	1685	2554	2599	1230	1853	5503	2409	1738	4282	1552	986	5532	3359	3160	2825	513	80	1768	493	11	0	94	35	0	0	0	0	0	8	0	29	1904	299	47	485	390	0	9	0	108	295	2090	5647	36	30	4310	596	354	0	402	186	20	0	595	864	10	0	182	88	0	29	66	744	33	15	22	17	36	57	3011	3284	47	70	80	96	141	0	24	0	203	1181	96	2273	1926	63	253	513	1058	1350	189	480	43	175	172	61	8	30	3342	143
c576426f7d91fc44af9f1ee57466bd68	0	451	36	21	29	852	1032	176	399	316	464	47	352	238	60	456	200	71	7	146	38	47	1292	899	70	63	25	0	30	47	1999	1146	1540	509	242	726	831	821	691	405	1112	618	773	913	417	689	2019	797	716	1291	510	336	1889	1346	1152	989	204	33	672	153	0	0	108	29	0	0	0	0	0	0	0	104	637	90	0	4	124	0	0	0	46	84	465	652	0	0	1946	276	146	0	155	96	0	0	177	395	0	0	59	18	0	0	20	384	7	0	0	0	11	7	1077	1166	7	17	23	0	33	44	0	12	83	405	13	486	684	12	49	231	412	650	84	188	13	74	55	0	0	0	1134	25
ce31153cea8ed2ed4b78142de8f3bf49	64	80	102	374	42	27	59	85	69	138	75	17	27	109	17	63	54	15	27	143	60	50	162	103	179	90	104	62	36	31	62	28	110	0	284	92	333	63	326	78	95	63	64	35	63	56	341	171	73	216	96	58	193	112	15	0	95	40	173	57	207	0	565	0	134	0	176	106	10	2	0	0	64	0	6	0	29	0	333	7	0	0	65	121	15	0	437	47	33	0	8	0	10	0	0	11	15	0	545	0	25	13	0	0	59	77	24	95	13	6	29	41	46	0	3	0	31	57	11	0	7	17	13	0	105	0	10	60	14	24	40	13	0	28	12	0	0	2	372	119
22297ddf6b82458608340900fa29f843	38	0	28	25	10	23	41	31	0	25	23	15	11	0	0	15	27	27	15	21	29	30	52	34	31	13	24	18	22	22	35	18	50	29	90	31	0	0	69	20	25	17	48	25	18	13	28	0	0	19	37	19	75	62	24	35	52	19	25	0	0	0	138	0	0	0	0	34	0	0	0	0	105	0	0	0	0	0	26	0	0	0	29	0	0	0	123	22	0	0	0	0	0	0	12	8	0	0	62	0	0	0	0	0	0	0	0	0	0	0	28	35	0	0	0	0	0	0	0	0	0	0	0	20	29	0	0	0	0	0	0	0	0	0	0	0	0	0	68	0
5d5f4a69deb37f1398a271f1218133e0	0	16	0	0	0	0	21	0	39	0	0	0	0	70	0	0	31	0	0	0	0	0	41	22	0	0	0	0	0	0	0	0	33	0	50	13	176	33	0	0	0	0	0	0	0	0	179	79	0	0	0	0	157	92	0	0	0	0	0	0	28	0	149	0	0	0	14	0	0	0	0	0	0	11	0	0	25	0	0	14	0	0	0	0	0	0	132	0	0	0	0	0	26	0	0	0	0	0	0	0	0	0	0	0	0	0	0	0	0	0	0	0	74	6	0	0	33	0	0	0	0	0	0	0	0	0	16	0	0	0	0	0	18	34	0	0	0	0	0	0
e67fd126a013c7f6612a8f7dc5bfb1ca	13	5	14	23	0	28	0	0	0	0	9	0	5	8	0	0	10	0	9	15	8	8	14	10	29	13	18	10	10	10	47	20	0	0	0	0	0	0	0	0	13	9	29	17	15	8	14	13	9	22	0	0	29	21	0	0	36	13	30	10	0	0	9	0	0	0	0	15	0	0	0	0	0	0	0	0	0	0	0	0	0	0	34	0	0	0	0	0	0	0	0	0	0	0	0	0	0	0	28	0	0	0	0	0	10	13	0	0	4	0	18	22	0	0	0	0	0	0	0	0	0	0	8	0	15	6	0	0	0	0	0	0	0	0	0	0	0	0	46	0
a99a596f0cbebb1bd067aede8ab05790	0	41	62	18	30	39	46	60	176	48	16	14	25	32	63	25	26	48	24	36	15	16	50	42	39	22	22	10	27	23	61	24	89	14	118	28	89	29	55	16	24	18	46	30	23	23	70	33	10	19	38	27	38	38	31	21	54	13	16	0	65	0	664	0	33	0	0	19	27	0	0	0	36	0	15	8	21	0	38	0	40	0	18	77	0	0	179	0	0	0	6	0	19	0	113	275	8	0	142	0	0	0	0	0	7	4	8	0	35	12	38	40	41	0	16	0	72	37	0	0	0	0	0	10	31	0	0	0	0	0	37	0	16	43	16	0	0	0	44	26
382c30a92804ccc404116a0ec3f8875e	0	0	22	0	0	17	0	24	65	19	0	0	10	0	27	0	0	0	10	0	0	0	15	0	0	0	0	0	0	0	22	0	27	0	34	0	33	0	0	0	0	0	12	17	0	0	0	0	0	0	11	0	0	0	14	10	20	0	0	0	0	0	129	0	0	0	0	0	0	0	0	0	37	0	0	0	0	0	0	0	0	0	0	0	0	0	0	0	0	0	0	0	0	0	33	35	0	0	31	0	0	0	0	0	0	0	0	0	17	0	10	16	0	0	0	0	20	83	0	0	0	0	10	0	18	0	0	0	0	0	0	0	0	0	0	0	0	0	16	0
6534ba21d17bd752bf5f5ba1bf1eaf29	0	0	220	0	43	0	48	0	0	0	0	0	0	0	0	0	0	0	0	0	0	0	129	64	86	30	0	0	25	36	0	0	40	24	0	0	0	0	0	0	0	0	0	0	0	0	0	0	0	0	0	0	0	0	0	0	0	0	0	0	0	0	225	0	10	0	0	0	18	0	0	0	0	0	0	0	0	0	0	0	0	0	0	0	0	0	0	0	0	0	0	0	0	0	0	0	5	0	0	0	0	0	0	0	26	0	0	0	35	0	0	0	33	0	0	0	0	0	0	0	0	0	0	0	0	0	0	0	0	0	0	0	0	0	0	0	0	0	0	0
5a9c4d7af6684ecc5f50bd8a0aa9b68f	974	369	1053	454	536	1181	215	301	38	410	335	129	96	121	156	711	83	315	32	383	1076	1395	1116	1206	1349	1411	527	286	437	1095	2354	1692	588	115	1399	756	135	63	1865	604	477	341	553	801	421	681	568	322	233	680	644	604	822	517	1625	1849	250	98	259	67	0	0	91	0	56	0	140	687	0	4	0	21	48	0	0	4	0	0	0	81	15	0	515	1104	12	0	0	0	5	0	74	92	4	0	77	301	10	0	0	0	33	40	55	851	22	433	24	8	26	104	945	1222	64	10	18	26	24	0	20	8	23	110	19	492	619	14	35	15	213	349	122	97	47	17	231	22	0	26	617	26
486f7ab0a0dee71358b34aedb6fea416	38	54	47	0	64	0	0	52	31	38	31	0	7	70	22	0	29	46	22	55	69	44	65	67	79	50	56	43	0	61	0	0	0	0	55	48	86	47	91	38	53	0	41	74	25	28	102	63	45	110	0	0	66	0	73	0	73	42	28	11	0	0	0	0	0	0	0	51	0	0	0	0	0	0	0	0	0	0	0	0	0	0	0	238	0	0	21	0	0	0	0	0	0	0	0	11	0	0	0	0	18	0	0	19	0	0	0	0	0	0	0	0	0	0	0	0	0	0	0	0	0	13	0	0	50	0	0	0	25	57	0	0	0	0	0	0	0	0	70	0
8e73c6788fb092c2159311f87380b039	0	0	0	0	0	0	145	0	0	0	51	0	0	95	0	0	0	0	53	0	0	0	50	43	0	40	56	0	0	0	0	0	229	78	0	0	67	0	0	0	56	43	157	191	61	90	523	205	0	0	0	0	0	0	0	0	366	212	0	0	0	0	0	0	0	0	47	83	0	0	0	0	49	0	0	0	0	0	0	0	0	0	156	344	0	0	639	0	0	0	0	0	0	0	0	0	0	0	0	0	0	0	0	41	0	0	0	0	0	0	0	0	49	0	0	0	0	0	0	0	0	0	0	225	97	0	48	104	0	8	0	0	0	0	0	0	0	0	61	10
b87d65d0492d96b18302c9671f8a04d0	0	0	40	54	0	0	0	0	0	0	22	14	0	0	0	21	0	0	0	0	0	0	52	46	78	57	0	0	69	44	0	0	0	0	52	0	81	0	80	0	0	34	39	0	0	0	106	46	0	90	38	17	70	60	54	93	51	0	39	0	0	0	0	0	0	0	0	0	0	0	0	0	0	0	0	0	0	0	0	0	0	0	22	0	0	0	0	0	0	0	0	10	0	0	0	0	0	0	0	0	0	0	0	0	0	0	0	0	0	0	0	0	0	0	0	0	0	0	0	0	0	0	0	85	0	0	0	0	0	0	0	0	0	0	0	0	0	0	0	0
c5f5f35cd2d36a16af97c3741abb0ff2	128	40	271	0	184	0	78	0	0	0	0	0	0	0	0	0	0	0	0	0	119	66	101	23	253	68	0	0	98	128	0	0	82	17	18	0	0	0	0	0	0	0	0	0	0	0	0	0	0	0	0	0	0	0	0	0	0	0	0	0	11	0	0	0	17	0	0	0	7	0	0	0	0	0	0	0	0	0	0	0	0	0	0	0	0	0	0	0	0	0	0	0	0	0	0	0	0	0	0	0	0	0	0	0	39	19	0	0	77	0	0	0	22	15	0	0	0	0	0	0	0	0	0	0	0	0	0	0	0	0	0	0	0	0	0	0	0	0	0	0
d2e5f354eeb2f54ca2ce16931cd82411	379	143	316	257	220	599	574	216	17	94	564	35	41	39	28	237	107	83	30	257	381	539	530	502	538	518	354	226	205	475	905	785	856	256	1203	848	177	61	912	272	787	425	308	264	170	230	194	106	135	379	277	239	1628	782	473	530	218	35	291	80	22	4	68	44	63	0	6	445	37	28	0	0	411	0	0	31	6	0	7	7	0	11	192	515	16	0	79	0	4	2	69	6	0	0	59	187	8	0	291	0	70	15	50	1160	86	238	35	19	51	92	500	767	337	22	20	9	10	32	7	4	23	345	22	380	356	25	10	100	117	278	124	157	70	61	89	10	11	0	850	43
fccbd0a08752b17f1937ffad5eb9c991	0	40	22	60	48	0	466	8	34	7	143	92	50	282	0	0	8	0	154	92	0	0	110	102	99	119	234	135	12	8	19	0	617	253	21	0	217	68	22	0	197	93	435	469	179	233	1395	609	12	13	0	5	15	8	13	0	1122	671	121	23	0	0	0	0	46	0	191	210	9	0	36	0	157	64	0	0	0	0	0	0	0	0	365	1127	8	0	936	313	0	0	0	0	0	0	0	0	32	11	0	0	0	0	0	94	0	34	27	20	0	0	0	0	129	22	0	0	0	27	0	0	10	74	8	583	293	14	114	268	0	0	0	0	0	0	0	0	0	0	192	0
8f4aad731388bd1804c00960961c3398	87	60	99	43	50	80	103	63	0	54	84	12	0	47	16	50	42	11	46	85	131	99	224	97	129	45	37	25	76	116	163	88	241	56	76	94	10	0	78	65	158	93	112	120	4	4	151	73	52	113	108	84	174	130	60	44	210	88	51	29	13	0	0	0	0	0	3	51	0	0	0	0	20	0	0	0	0	0	0	0	0	0	23	118	0	0	0	0	0	0	19	19	0	0	0	0	8	0	3	0	0	0	3	0	0	0	0	0	5	0	46	181	0	0	0	0	0	0	0	0	0	21	0	0	0	0	0	0	0	5	0	0	0	0	0	0	0	0	192	0
1a777f855b2fc654c75ee3ffa810d77c	23	0	22	5	13	0	0	0	0	0	13	0	0	0	0	10	0	0	0	0	28	18	13	10	53	0	6	0	17	22	0	0	0	0	105	57	0	0	0	0	22	10	6	0	0	0	0	0	0	13	19	9	15	16	10	0	20	0	0	0	0	0	0	0	7	0	0	6	0	0	0	0	0	0	0	0	0	0	0	0	0	0	0	0	0	0	0	0	0	0	0	0	0	0	0	0	0	0	14	0	0	0	0	0	0	0	0	0	0	0	0	0	0	0	0	0	0	0	0	0	0	7	0	0	0	0	0	0	0	9	0	7	0	0	0	0	0	0	32	0
29c85314f6a8b10f330946a14aa88a77	0	37	0	0	0	0	0	0	44	0	0	0	60	0	0	55	0	0	0	0	0	0	199	119	0	0	0	0	0	0	0	0	0	0	0	0	92	43	57	0	223	116	0	0	0	99	0	4	0	0	0	0	14	0	0	0	0	0	0	0	0	0	0	0	0	0	0	0	0	0	0	0	0	0	0	0	0	0	0	0	0	55	0	79	0	0	0	0	0	0	0	0	0	0	0	0	0	0	0	0	0	0	0	0	0	0	0	0	0	0	0	0	0	0	0	0	0	0	0	0	0	81	0	0	60	8	0	0	0	0	0	15	0	0	0	0	0	0	0	0
6403c1db14026605cff139bec52eff58	0	150	0	0	0	0	0	0	88	77	90	0	161	0	0	134	0	0	0	0	0	0	533	316	0	0	0	0	0	0	0	11	20	0	22	0	243	84	176	74	680	287	105	143	90	265	22	0	0	0	76	76	0	9	0	0	0	0	0	0	0	0	0	0	0	0	0	0	0	0	0	0	0	0	0	0	0	0	0	0	49	0	62	62	0	0	0	0	0	3	4	0	0	0	0	0	0	0	0	0	0	0	0	46	0	0	0	0	0	0	0	0	0	0	0	0	0	0	0	0	36	182	0	150	134	0	0	0	0	0	9	0	0	0	0	25	0	0	0	0
b74580acabea981759348d8fd78a6f33	0	0	0	0	0	0	0	18	19	16	54	0	0	0	0	12	0	0	0	0	0	0	0	0	0	0	0	0	0	0	0	0	0	0	40	20	39	0	83	15	55	16	49	0	21	0	21	0	17	19	0	0	12	15	31	0	0	0	0	0	0	0	0	0	0	0	0	0	0	0	0	0	0	0	0	0	0	0	14	0	0	0	48	0	0	0	0	18	0	0	0	0	0	0	0	48	0	0	0	0	0	0	0	0	0	0	0	0	0	0	0	0	0	0	0	0	0	0	0	0	0	34	0	0	42	0	0	0	0	6	0	0	0	0	0	0	0	0	0	0
c7b71bc88cd2b96d649961540cb59172	36	20	16	15	32	54	86	12	20	38	29	0	24	17	0	16	6	5	13	12	52	92	81	81	76	51	28	22	20	56	83	94	105	67	111	55	105	31	120	62	119	53	54	137	23	115	64	104	69	152	61	95	86	75	91	132	95	66	44	19	0	0	0	0	0	0	0	50	12	0	0	19	35	22	0	0	0	26	0	0	0	0	22	82	3	0	5	0	4	0	0	14	0	0	0	9	0	0	4	0	0	8	0	15	0	41	0	0	3	3	35	63	6	0	3	0	5	0	0	0	0	28	0	27	50	0	3	10	0	137	8	12	6	8	4	6	3	0	153	0
20b31eacb86019dae06057bafec47d84	32	11	0	0	31	27	49	0	51	29	0	14	0	12	6	20	20	7	20	15	40	29	81	40	0	7	0	0	35	44	72	39	139	15	0	0	127	41	109	41	0	0	45	32	0	0	57	28	25	36	59	45	65	57	60	38	85	26	42	13	0	0	0	0	0	0	0	0	0	0	0	0	108	0	0	0	0	0	0	0	0	0	0	0	0	0	126	117	0	0	0	0	0	0	11	4	0	0	0	0	0	0	0	0	0	0	0	0	0	26	25	55	4	0	0	0	0	0	0	0	0	0	0	0	0	0	0	16	0	9	0	0	0	0	0	0	0	0	141	0
4bfd00821c8f0e7c1b1e774c00497da4	20	27	26	0	20	0	0	14	0	0	0	0	0	6	0	0	0	0	12	9	26	23	66	53	66	23	0	0	44	81	0	0	0	0	78	39	0	0	0	0	0	0	30	15	0	0	18	5	8	22	0	0	10	0	0	0	59	31	30	8	0	0	0	0	0	0	9	0	0	0	0	0	0	0	0	0	0	0	0	0	0	0	4	0	0	0	0	0	0	0	0	0	0	0	0	0	0	0	0	0	0	0	0	0	0	0	0	0	5	0	0	0	0	0	0	0	0	0	0	0	0	0	0	0	0	0	0	0	0	24	0	0	0	0	0	0	0	0	53	0
0685f0b0a740e567d2645372418fd452	0	0	29	12	20	0	0	0	0	0	46	21	0	22	6	28	0	5	0	0	0	0	59	51	61	31	0	16	25	39	92	31	0	0	0	0	0	0	0	0	52	40	50	62	0	28	126	46	34	58	28	28	75	55	45	32	115	44	36	9	0	0	0	0	0	0	0	38	0	0	0	0	0	0	0	0	0	0	0	0	0	0	17	44	0	0	0	0	0	0	0	0	0	0	0	107	0	0	0	0	0	0	0	0	0	0	0	0	0	0	66	154	0	0	0	0	0	0	0	0	3	31	0	0	67	0	0	0	0	28	0	0	0	0	0	0	0	0	147	0
0f57e5cd129f15bf00e16ac6db16d435	58	0	0	0	0	0	0	0	0	0	0	0	0	0	0	0	35	0	0	0	67	57	0	0	0	0	0	0	0	0	0	0	46	0	0	0	0	0	0	0	0	0	0	0	0	0	0	53	0	0	0	66	99	78	0	0	0	0	0	0	0	0	0	0	0	0	0	0	41	0	0	0	136	42	0	0	0	0	0	0	0	0	0	0	0	0	0	0	0	0	0	0	0	0	0	0	0	0	0	0	10	0	0	0	0	0	0	0	29	19	0	60	0	0	0	0	0	0	0	0	0	0	0	0	0	0	0	0	0	0	0	23	0	29	0	0	0	0	0	0
12e7b6fa672f5f00526b522d94498493	194	55	367	119	119	152	273	0	0	0	69	40	3	6	0	18	11	37	80	56	202	193	165	117	427	154	139	107	135	147	291	125	403	99	43	0	12	0	20	0	99	63	125	86	50	67	43	19	73	155	17	19	74	42	207	109	610	182	85	18	82	4	110	0	61	0	0	212	5	0	0	0	351	12	0	0	0	0	0	0	0	0	111	68	0	0	42	0	7	13	0	0	0	0	19	16	29	0	18	0	132	31	0	0	315	196	13	0	75	21	178	304	137	16	3	0	0	0	0	0	0	19	52	192	119	50	8	24	10	17	29	51	7	5	9	0	0	0	209	8
38ee4838cc2e78ad8a4aef7643045f3b	0	11	0	0	0	0	0	0	0	0	0	0	0	0	0	0	0	0	20	9	0	0	0	0	0	0	19	0	0	0	0	0	0	0	0	0	0	0	0	0	0	0	0	0	24	0	0	0	0	0	0	0	0	0	0	0	0	0	0	0	0	0	0	0	0	0	0	0	0	0	0	0	0	0	0	0	0	0	0	0	0	0	0	0	0	0	0	16	0	0	6	0	0	0	0	0	0	0	0	0	0	0	0	0	0	44	0	0	0	0	0	58	0	0	0	0	0	0	0	0	0	0	0	0	0	0	0	0	0	0	0	0	0	0	0	0	0	0	0	0
420db5e671e7a5bf06cca86b500675ed	0	0	47	0	0	0	0	0	0	0	37	0	0	0	0	0	0	0	0	0	0	0	0	0	134	45	0	0	38	0	0	0	0	0	0	0	0	0	68	0	66	0	78	0	41	0	0	0	0	59	0	0	0	0	0	0	199	62	79	0	0	0	0	0	0	0	0	50	0	0	0	0	0	0	0	0	0	0	0	0	0	0	0	73	0	0	74	0	0	0	0	0	0	0	0	0	0	0	0	0	0	0	0	0	0	0	0	0	0	0	0	0	0	0	0	0	0	9	0	0	0	0	0	0	70	37	0	0	0	0	0	0	0	0	0	0	0	0	158	0
6a056796e24637c5bf9f73cb8c175dcc	70	29	71	85	48	24	108	0	74	78	75	15	22	30	5	15	21	6	25	46	78	69	128	58	137	58	87	57	55	81	77	40	274	43	37	0	194	44	298	97	117	73	69	52	54	76	116	55	40	76	28	29	144	69	66	49	103	31	80	23	0	0	0	0	12	0	69	122	32	3	9	0	80	76	0	0	0	0	5	0	0	0	30	49	0	0	326	65	9	0	48	0	0	0	10	5	0	0	18	0	0	0	0	0	5	26	19	0	14	29	24	76	0	0	0	0	0	0	0	0	0	44	0	37	102	9	14	9	7	14	9	0	0	0	0	0	0	0	212	0
868687678319326a09302803e10ce390	0	0	0	0	0	0	0	0	0	0	15	17	13	0	0	0	0	0	0	0	0	0	0	0	0	0	0	0	0	0	0	0	0	0	0	0	0	0	0	0	0	14	66	49	21	32	55	37	35	54	0	0	0	0	0	0	0	0	0	0	0	0	0	0	0	0	0	0	0	0	0	0	0	0	0	0	0	0	0	0	0	0	13	12	0	0	84	0	0	0	0	0	0	0	0	0	0	0	0	0	0	0	0	0	0	0	0	0	0	0	0	0	0	0	0	0	0	0	0	0	0	0	0	0	49	27	0	0	0	0	0	0	0	0	0	0	0	0	0	0
9f9ca1bb6240d0064c9e17db97e0063f	0	11	0	9	4	126	0	247	4	168	185	98	80	99	41	114	50	107	0	63	8	9	54	37	19	0	0	0	7	14	300	104	27	0	877	312	19	5	609	226	205	133	290	212	103	100	278	162	140	255	223	185	342	179	155	94	22	0	194	45	0	0	0	0	0	0	45	0	0	0	0	0	3	0	0	0	0	0	44	0	0	0	112	337	0	0	733	17	35	0	33	0	0	0	10	0	3	0	416	0	0	0	0	0	0	0	0	9	0	5	186	280	0	2	46	0	0	0	0	0	16	20	141	328	181	39	27	21	22	13	183	121	31	30	0	0	0	0	320	171
a958c48096d8b0378444c48c1f214e09	53	99	117	151	138	134	89	25	53	90	87	29	66	0	5	43	0	25	84	43	0	52	176	78	277	113	120	113	111	147	175	70	72	0	89	87	101	46	232	96	155	56	236	117	93	131	86	0	118	157	51	0	63	0	100	40	330	82	135	50	33	0	20	0	44	0	0	128	0	0	0	0	60	0	0	0	0	0	0	0	0	0	154	0	3	0	0	33	0	0	0	0	0	0	32	64	32	27	25	0	0	0	12	0	28	46	0	16	0	0	110	189	0	0	0	0	0	0	0	0	0	83	13	32	196	0	8	37	0	52	0	0	0	0	9	17	0	0	239	18
ca15d68959d9a2529ccff389f6ea8ab2	0	0	0	0	0	0	0	0	0	0	0	0	0	0	0	0	0	0	0	0	0	0	0	0	0	0	0	0	0	0	0	0	9	0	12	0	16	0	0	0	0	0	0	0	0	0	0	0	0	0	0	0	0	0	0	0	0	0	0	0	0	0	0	0	0	0	0	0	0	0	0	0	0	26	0	0	0	0	0	0	0	0	0	0	0	0	0	0	0	0	0	0	0	0	0	0	0	0	0	0	0	0	0	0	0	0	0	0	0	0	12	0	0	0	0	0	0	0	0	0	0	0	0	0	0	0	0	0	0	0	0	0	0	0	0	0	0	0	0	0
ca98ce2e8b4987a335f5db5bc56aadb3	39	0	0	0	57	0	43	0	0	0	0	0	0	44	0	38	16	0	0	0	41	62	0	0	0	0	0	0	23	36	60	39	71	52	22	17	0	37	0	0	0	0	0	0	0	0	55	37	0	0	39	0	163	57	55	0	0	0	0	0	0	0	0	0	0	0	0	0	0	0	0	0	0	0	0	0	0	0	0	0	0	0	0	0	0	0	0	0	0	0	8	0	4	0	0	0	0	0	0	0	0	0	0	0	0	0	0	0	16	0	0	55	0	0	0	0	20	0	0	0	0	0	0	0	0	0	0	0	0	0	0	0	0	35	0	0	0	0	0	0
dff6c70b92c096b3d47c5165a6a1dccc	70	0	0	0	24	0	26	0	0	0	0	0	0	0	0	24	0	0	0	0	36	51	0	0	0	0	0	0	30	20	29	0	36	0	0	0	0	0	0	0	0	0	0	0	0	0	41	37	0	0	30	0	86	0	34	45	0	0	0	0	0	0	0	0	0	0	0	0	0	0	0	0	0	0	0	0	0	0	0	0	0	0	0	0	0	0	0	0	0	0	0	0	0	0	0	0	0	0	0	0	0	0	0	0	0	0	0	0	0	0	0	92	0	0	0	0	0	0	12	0	0	0	0	0	0	0	0	0	0	0	44	0	9	0	0	0	0	0	0	0
fba2b8daf57ec44a11e725314c993322	155	56	209	21	100	119	21	51	0	12	521	93	89	59	0	242	51	10	114	383	201	201	162	90	468	177	37	29	68	119	273	170	51	25	77	75	33	8	49	11	648	278	461	368	88	335	85	135	314	724	322	335	212	136	52	26	855	326	522	150	0	0	0	0	53	0	0	37	13	0	0	0	0	0	0	0	0	0	0	0	53	68	203	464	0	53	0	0	29	2	58	7	0	0	60	0	5	48	22	0	2	0	4	0	18	22	0	0	12	0	123	330	0	0	0	0	0	0	0	0	11	84	0	77	233	16	9	0	13	86	39	24	0	0	0	0	0	0	1201	9
10dd7b5f83403770586a7228dcad038f	0	36	168	206	246	365	241	29	143	214	263	17	104	53	8	169	61	0	0	71	19	0	61	37	630	284	269	208	300	387	594	321	260	80	78	107	341	171	613	218	504	206	252	130	151	227	198	116	169	278	302	163	461	224	109	59	45	0	358	137	0	0	0	0	83	14	0	298	19	0	0	0	217	35	0	0	20	0	0	0	0	0	17	125	0	0	25	0	0	0	23	8	0	0	0	0	0	0	33	0	0	0	0	0	8	29	9	0	26	0	221	838	40	0	10	0	0	0	0	0	15	134	18	24	278	23	0	0	34	80	51	49	0	0	6	0	3	0	674	21
297fbbd26de94f3bd098dae8bbb720d7	43	19	43	28	19	45	17	10	14	0	38	7	10	9	0	25	12	8	17	7	42	45	39	24	70	35	24	23	34	45	111	54	71	13	108	36	75	16	7	0	44	14	50	31	22	35	67	31	25	50	33	21	42	36	52	30	59	44	21	9	0	0	0	0	12	0	0	39	0	0	0	0	25	0	0	0	0	0	0	0	0	0	20	267	0	0	176	21	0	0	28	0	0	0	3	10	0	0	14	0	0	0	0	0	0	0	0	0	0	0	35	68	0	0	0	0	0	0	0	0	0	4	0	17	47	0	0	56	0	0	0	7	0	0	0	0	0	0	86	0
beda9dac3b1bf7cafc47cf8c82773a83	281	70	154	61	72	242	165	34	9	32	75	0	0	23	0	29	12	9	61	111	507	3179	286	6090	468	1789	204	575	155	2184	418	4226	653	2033	235	3376	236	1343	376	2348	329	2836	365	1912	29	66	662	1181	198	1225	266	1248	490	1533	315	598	761	2531	166	519	55	9	56	0	25	20	19	2462	6	0	3	4	264	0	7	26	9	0	23	0	26	7	38	137	0	0	1054	74	21	0	17	9	0	0	58	18	50	0	14	3	21	9	18	71	18	184	16	5	20	59	70	78	5	4	6	8	0	3	11	0	6	35	0	32	3	0	6	6	28	106	38	51	15	102	13	0	15	18	2749	18
5b545bfc53fcaa8c931b38ca639b8723	2	0	8	0	7	0	52	0	15	5	10	6	7	4	0	11	5	0	0	15	0	0	0	0	10	5	0	0	2	6	8	0	113	15	0	0	14	4	23	0	16	4	5	5	5	5	29	9	0	7	16	9	15	5	14	7	5	0	17	6	0	0	0	0	8	0	0	0	0	0	0	0	40	0	0	0	7	0	12	0	0	0	0	0	0	0	0	0	0	0	0	0	0	0	5	0	0	0	77	0	0	0	0	0	0	0	0	0	0	0	3	11	35	0	0	0	6	0	0	0	0	7	0	0	3	0	0	0	0	0	12	0	0	0	4	0	0	0	33	18
5292c821cfe1acf95776f9c23c584867	0	56	5	0	0	0	96	0	0	0	46	17	0	25	0	37	24	39	49	29	0	0	177	44	0	0	0	0	0	0	16	0	73	38	0	0	0	4	9	0	109	60	106	66	0	0	59	50	40	69	76	42	132	93	77	42	233	74	48	18	0	0	0	0	0	0	0	0	0	0	0	0	0	0	0	82	0	0	0	0	0	0	0	0	0	0	0	0	0	0	0	0	0	0	0	20	0	0	0	0	0	0	0	0	0	0	0	0	0	0	0	0	0	2	0	0	0	0	0	0	0	6	4	0	0	0	0	0	4	10	0	6	0	0	0	0	0	0	116	0
09f07b432611ac2f66e8a2ae91ef4a05	20	43	0	25	21	0	78	0	27	39	0	0	0	0	0	20	0	0	37	26	0	0	104	38	44	0	21	0	29	35	40	21	98	30	74	25	147	33	91	22	26	0	0	15	25	25	58	27	23	0	34	24	50	41	0	0	139	69	41	19	0	0	0	0	0	0	26	23	0	0	0	0	43	50	0	0	0	0	0	0	0	0	0	0	0	0	0	0	0	0	0	0	0	0	0	0	0	0	0	0	0	0	0	0	0	0	0	0	0	0	12	33	0	0	0	0	0	0	0	0	0	0	0	0	43	0	0	0	0	0	0	8	0	0	0	0	0	0	81	0
b529b759386d6c6ec7fc790ed5455482	0	8	0	0	8	24	0	10	27	11	9	9	7	0	0	0	0	0	0	13	8	0	38	0	11	0	0	0	17	19	47	23	0	0	54	23	101	28	57	13	26	10	34	14	11	23	14	0	12	15	0	0	31	16	6	0	51	19	18	0	0	0	0	0	0	0	0	0	0	0	0	0	0	0	0	0	4	0	0	0	0	0	10	0	0	0	0	0	0	0	0	0	0	0	0	0	0	0	0	0	0	0	0	0	0	0	0	0	0	0	21	22	0	0	0	0	0	0	0	0	0	0	0	0	21	0	0	0	0	0	0	0	0	0	0	0	0	0	19	0
e614dc4a4a2cc846e7c4c8a374523ca4	28	20	23	35	20	47	35	0	24	45	21	0	11	22	7	16	22	32	19	18	38	26	72	25	33	49	27	23	26	26	69	40	114	30	166	48	139	25	122	32	34	11	86	28	26	16	111	44	21	50	17	12	78	47	30	21	83	31	28	11	0	0	0	0	0	0	13	20	0	0	0	0	10	0	0	0	0	0	0	0	0	0	0	115	0	0	14	73	0	0	0	0	0	0	0	0	6	0	0	0	0	0	0	0	0	0	0	0	0	0	30	44	0	0	0	0	0	0	0	0	0	12	0	0	27	0	0	0	0	0	0	0	0	11	0	0	0	0	59	0
f2f9e78c08c77f67d6742362a6613f99	26	0	0	0	17	20	0	25	0	0	0	0	0	0	0	0	0	0	0	0	30	24	23	0	20	0	0	0	0	25	0	0	0	0	31	16	30	0	28	0	0	0	0	11	0	0	0	0	0	0	0	0	20	16	24	0	0	0	0	0	0	0	0	0	0	0	0	0	0	0	0	0	0	0	0	0	0	0	0	0	0	0	0	0	0	0	0	0	0	0	0	0	0	0	24	0	0	0	0	0	0	0	0	0	0	0	0	0	0	0	0	29	0	0	0	0	0	0	0	0	0	0	0	0	0	0	0	0	0	0	0	0	0	0	0	0	0	0	25	0
89b3dca141878c72b49966cdbbe62d31	143	85	107	91	87	126	90	69	96	108	72	0	36	24	15	37	37	42	61	32	173	115	344	84	276	136	101	82	121	138	186	75	140	30	290	95	413	76	314	75	113	49	182	66	92	75	73	44	96	138	47	33	160	104	159	65	228	64	108	32	0	0	0	0	0	0	0	99	0	0	26	0	41	0	0	0	0	0	7	0	0	0	0	19	0	0	26	0	0	0	0	0	0	0	0	0	14	0	0	0	0	0	0	0	0	58	0	6	0	0	82	110	0	19	5	0	0	0	0	0	0	17	0	0	131	0	0	0	9	0	0	0	0	0	7	0	0	0	250	0
8e53b0a0a0caf26211ef9cf398046a1e	65	40	84	73	62	168	54	67	110	132	0	0	56	72	20	101	92	37	43	53	89	67	149	58	187	99	66	67	98	139	334	157	124	25	328	117	513	101	326	105	132	93	212	101	132	105	361	161	106	222	228	144	356	229	213	106	170	56	98	26	0	0	0	0	0	0	0	78	9	0	0	0	22	0	0	0	0	0	0	0	0	0	0	22	16	0	321	0	7	0	0	0	0	0	4	0	0	0	10	0	5	0	0	0	0	43	0	0	24	12	115	174	0	0	0	0	6	0	0	0	0	20	13	0	160	2	0	78	0	24	34	20	0	21	0	0	0	0	228	18
b6a32368dd0383895365123a947ade68	0	0	18	9	12	24	0	34	0	0	13	7	0	15	10	0	10	0	14	4	0	0	0	0	43	8	8	10	12	13	57	23	0	0	73	26	0	0	0	0	23	12	47	10	0	0	57	14	7	14	0	0	55	23	27	8	28	9	27	0	0	0	0	0	0	0	0	7	0	0	0	0	0	0	0	0	0	0	0	0	0	0	0	0	0	0	0	0	0	0	0	0	0	0	0	0	0	0	0	0	0	0	0	0	0	0	0	0	0	0	21	46	0	0	0	0	0	0	0	0	0	0	0	18	0	0	0	0	0	0	0	0	0	0	0	0	0	0	44	0
a05be164f339e5ddfb384d253819ef3c	68	37	107	32	40	80	111	77	37	70	67	34	25	49	20	45	43	69	44	54	65	46	152	58	120	64	40	43	56	89	171	81	164	31	149	70	151	40	155	43	99	43	122	49	69	62	160	52	62	71	90	55	179	91	111	56	117	40	49	14	87	0	45	0	52	0	0	49	0	0	0	0	77	7	0	0	0	0	0	0	12	0	60	19	30	0	33	0	0	0	38	0	0	0	11	0	0	0	94	0	2	0	8	0	13	2	0	15	9	0	77	125	21	0	0	0	11	0	0	0	3	0	0	8	70	0	0	9	0	0	15	11	0	11	0	0	0	0	121	12
902505fbe59b6bec849d4f533229fe08	67	23	85	79	110	32	144	32	0	44	81	0	41	32	0	46	42	0	57	56	90	85	95	32	159	94	68	59	67	161	72	72	202	40	221	46	15	0	180	40	100	61	112	62	49	54	162	81	61	79	106	65	165	121	0	0	218	86	54	20	0	0	0	0	0	0	0	83	0	0	0	0	110	51	0	0	0	0	0	0	0	0	26	16	0	0	0	0	0	0	16	0	0	0	0	0	0	0	0	0	0	0	0	0	0	34	0	0	0	12	42	50	0	0	0	0	0	0	0	0	5	0	0	0	63	0	11	0	24	15	0	0	0	0	0	0	0	7	127	0
10ac7f46641443e5a1761723846e18bd	146	84	177	63	128	138	254	69	22	100	64	19	31	66	22	86	58	45	100	197	157	98	402	126	345	122	65	70	130	152	259	109	342	52	373	114	60	22	283	72	133	45	200	81	82	102	313	176	130	148	179	89	244	143	159	80	364	133	365	58	0	0	0	0	11	0	0	78	6	0	0	0	101	22	0	26	0	0	0	0	0	0	15	16	0	0	0	7	0	0	36	4	0	0	6	73	0	0	8	0	0	0	0	0	0	94	0	0	7	0	127	220	4	0	3	2	0	0	0	0	0	11	11	30	105	19	4	46	10	9	14	15	5	0	5	0	0	0	564	0
a6881dc765fad443adc37416dedbf0bd	56	52	44	14	71	77	118	16	68	84	57	11	0	14	23	67	36	26	58	40	73	72	194	51	161	44	18	18	102	99	236	70	158	58	242	44	374	80	274	64	209	71	180	79	0	0	82	63	70	92	177	122	217	95	198	57	254	82	124	33	0	0	0	0	0	0	0	29	21	0	0	0	5	23	0	0	0	0	0	0	44	6	10	29	0	0	21	42	0	0	12	0	0	0	0	154	29	0	9	0	0	0	0	0	0	0	6	0	17	0	121	158	0	0	0	0	0	0	0	0	8	19	0	37	0	0	0	0	0	0	36	11	0	0	0	0	4	0	269	5
d4656607d991fa3cdf75156062d47827	23	15	0	18	16	30	20	17	0	0	15	0	15	13	0	19	13	0	11	23	18	0	38	23	24	13	13	0	13	13	58	27	51	0	91	25	0	0	0	0	34	0	43	11	37	37	76	34	23	29	31	18	74	31	28	12	31	15	18	0	0	0	0	0	0	0	0	21	0	0	0	0	0	0	0	0	0	0	0	0	0	0	0	0	0	0	0	0	0	0	0	0	0	0	0	0	0	0	0	0	0	0	0	0	0	0	0	0	0	0	24	43	0	0	0	0	0	0	0	0	0	11	0	0	67	0	0	0	0	36	0	0	0	0	0	0	0	0	48	0
abf098f2d9f01785ee63ee68ae59fd2b	20	34	0	0	0	0	0	0	0	0	15	0	0	17	0	0	14	10	0	0	27	31	135	74	0	0	0	0	0	0	0	0	0	0	0	0	0	0	0	0	45	29	0	0	0	0	84	67	21	34	0	0	117	66	56	33	7	0	33	9	0	0	0	0	0	0	0	0	0	0	0	0	0	0	0	0	0	0	0	0	0	0	0	0	0	0	29	70	0	0	0	0	0	0	0	0	0	0	0	0	0	0	0	4	0	0	0	0	0	0	0	0	0	0	0	0	0	0	0	0	0	0	0	0	0	0	0	0	0	0	0	0	0	0	0	0	0	0	50	0
776bea930f56237625e5e187e85c9e66	96	16	0	0	27	67	146	37	79	101	49	19	0	19	0	41	49	42	0	21	99	82	126	48	38	12	14	0	50	45	152	127	191	63	154	47	584	95	326	57	38	16	124	36	64	70	34	25	34	56	95	57	74	27	110	39	58	15	50	13	0	0	27	0	0	0	0	0	0	0	0	0	0	0	0	0	9	0	8	0	0	0	32	0	5	0	0	0	0	0	26	0	0	0	15	0	0	0	15	0	0	0	0	0	0	0	2	0	10	0	66	55	0	0	0	0	6	21	0	0	0	0	6	0	110	0	0	0	0	0	27	0	0	0	0	0	0	0	200	0
8392427dc7cb0389b02b80fb4610565e	0	77	0	0	0	126	132	0	0	0	0	0	0	28	0	96	17	0	0	32	0	0	396	98	0	0	0	0	0	0	335	132	209	42	0	0	0	0	0	0	0	0	0	0	0	0	72	84	151	172	200	120	175	103	0	0	18	0	140	43	0	0	0	0	0	0	0	0	0	0	0	0	66	0	0	0	0	0	0	0	0	0	0	0	0	0	0	0	0	0	58	39	0	0	0	0	0	0	0	0	0	0	0	0	0	0	0	0	0	0	142	362	0	27	0	0	0	0	0	0	0	0	0	0	0	0	0	23	0	23	16	27	0	0	0	0	0	0	544	0
9185110189bb9414257def1c792fcee3	0	8	0	6	8	0	0	0	0	0	0	0	0	0	0	0	0	0	0	0	0	0	23	0	0	0	0	0	0	0	0	0	0	0	0	0	0	0	0	0	10	0	13	0	0	0	11	0	0	0	18	9	18	8	25	6	0	0	0	0	0	0	0	0	0	0	0	5	0	0	0	0	0	0	0	0	0	0	0	0	0	0	0	0	0	0	11	0	0	0	11	0	0	0	0	37	0	0	0	0	0	0	0	0	0	0	0	0	0	0	0	0	0	0	0	0	0	0	0	0	0	0	0	0	0	0	0	0	0	0	0	0	0	0	0	0	0	0	0	0
93f4d64afe2ceae00c5c2406e63bd856	24	43	21	16	35	45	0	24	0	0	34	8	13	13	5	43	19	13	42	0	43	31	202	139	138	52	14	29	22	39	158	130	22	0	166	59	0	0	0	0	95	59	21	90	0	67	14	120	11	69	39	96	46	118	195	184	184	131	30	16	0	0	0	0	0	0	0	29	0	0	0	15	0	0	0	0	0	0	0	0	0	0	26	164	0	0	0	0	0	0	0	0	0	0	16	21	18	0	0	0	0	0	0	0	0	8	0	0	0	0	29	241	0	0	0	0	0	0	0	0	0	7	0	30	0	0	13	0	0	21	0	0	0	11	0	0	0	0	91	0
b833072a1e068efc4eec7e9685db86db	245	89	155	290	157	131	246	120	94	298	90	17	155	137	36	90	95	67	45	88	296	173	251	75	422	130	212	194	197	209	360	109	277	85	635	157	504	109	803	145	171	73	317	126	306	277	148	234	124	126	196	89	465	238	296	91	188	66	115	32	0	0	0	0	0	0	2	319	5	0	0	0	183	30	0	4	26	0	16	0	0	0	16	111	0	0	75	54	0	0	25	7	0	0	0	13	12	0	14	0	0	0	0	0	5	11	0	0	0	10	162	292	0	10	4	0	0	0	0	0	8	24	0	5	646	26	0	6	0	41	22	0	0	0	6	0	0	0	275	0
df1edc3055b3ce1bc484745e9c49f083	105	12	74	0	70	88	186	23	0	0	66	0	16	0	0	38	31	0	30	16	117	73	192	45	176	63	0	0	94	82	69	20	131	26	184	61	0	0	0	0	48	17	40	27	12	52	0	35	30	21	60	37	154	60	119	33	110	25	29	0	0	0	0	0	12	0	0	0	0	0	0	0	43	51	0	0	0	0	0	0	0	0	0	0	0	0	0	0	0	0	0	22	0	0	0	0	0	0	0	0	0	0	0	11	0	58	0	0	6	0	28	61	3	0	0	0	0	0	0	0	0	12	0	0	68	4	0	0	0	11	0	0	0	0	0	0	0	0	75	0
fefdc37710a30ca2eece28824a5e3910	16	16	13	6	10	0	0	5	0	0	0	0	0	0	0	4	0	3	15	7	25	11	75	10	26	14	10	4	14	16	0	0	0	0	21	5	0	0	0	0	0	0	0	0	0	0	16	7	7	13	11	0	32	18	20	0	36	14	15	0	0	0	0	0	0	0	0	17	0	0	0	0	0	0	0	0	0	0	0	0	0	0	0	0	0	0	0	0	0	0	0	0	0	0	0	0	9	0	0	0	0	0	0	0	0	0	0	0	0	0	0	0	0	0	0	0	0	0	0	0	0	0	0	0	0	0	0	0	0	0	0	0	0	0	0	0	0	0	47	0
96d3ae5d507cb2a655ed8e37a0b6f653	86	88	76	85	63	147	174	113	0	132	74	0	50	37	23	99	79	75	74	76	87	68	385	100	149	58	41	45	109	111	223	92	188	33	705	102	0	0	416	66	105	40	201	51	60	36	62	43	74	103	108	76	318	153	186	52	295	84	84	19	0	0	0	0	0	0	0	69	0	0	14	0	71	0	0	94	0	0	0	0	0	0	69	55	0	0	0	0	0	0	0	0	0	0	0	91	0	0	10	0	0	3	13	0	0	17	0	0	0	0	101	165	0	0	0	0	0	0	0	0	0	27	0	27	80	0	0	0	0	14	0	46	0	0	3	0	0	0	187	0
98afab18d993f8ea6af94e153e3916f6	19	11	0	5	8	26	0	0	0	13	0	0	0	0	0	14	3	0	0	0	26	7	57	24	0	0	0	0	4	17	22	16	0	0	31	22	0	0	21	11	4	6	6	6	5	23	17	11	10	31	6	15	17	0	42	40	6	0	0	0	0	0	0	0	0	0	0	0	0	0	9	0	0	0	0	0	0	0	0	0	0	0	12	0	0	0	0	0	0	0	0	0	0	0	0	0	0	0	0	0	0	0	0	10	0	0	0	0	0	0	0	14	0	0	0	0	0	0	0	0	0	0	0	0	9	0	0	0	10	0	0	0	0	0	6	0	0	0	0	0
eb3fee22a213a8bff127cde1bc0622b6	54	8	23	18	19	129	100	50	44	36	146	53	24	28	37	58	34	35	27	30	98	136	76	76	48	44	14	9	16	44	384	409	211	77	347	171	244	68	162	83	385	248	220	305	58	159	153	79	99	223	86	86	259	183	313	288	156	98	34	17	0	0	0	0	0	0	150	13	0	0	0	0	129	0	0	0	8	0	0	0	0	129	114	73	0	0	211	0	0	2	4	8	0	0	56	47	14	14	0	0	3	0	4	0	0	9	0	0	0	5	242	238	0	0	0	0	0	0	0	0	8	113	0	51	83	0	0	12	59	134	14	64	4	4	47	0	0	0	70	5
7e48b305ebd79779f2e773f3dd400d68	739	18	580	315	397	649	776	351	253	413	299	182	112	258	64	218	198	109	109	253	784	561	62	45	1296	444	469	335	447	417	1305	573	1004	244	1476	429	1890	353	1471	312	479	222	809	513	339	449	446	435	322	441	459	278	1176	801	209	106	560	205	501	151	445	5	47	0	229	64	24	394	52	3	43	0	513	109	0	0	63	106	12	0	15	18	687	441	47	0	0	0	8	0	56	35	4	0	0	54	48	0	401	3	89	37	5	33	169	191	20	72	58	30	377	895	140	68	0	4	70	65	0	3	8	65	110	58	345	37	11	16	14	46	45	74	17	7	21	0	0	11	705	90
5a631d72dd9a6199bb4915441887ef1d	0	0	0	0	0	0	0	55	37	49	44	33	0	0	0	34	0	61	0	0	0	0	0	0	0	0	0	0	0	0	0	0	0	0	81	49	52	0	119	55	42	0	92	0	39	0	0	0	54	47	0	0	32	47	78	33	108	50	0	0	0	0	0	0	0	0	0	0	0	0	0	0	0	0	0	0	0	0	0	0	0	0	88	0	0	0	161	0	0	0	0	0	0	0	71	21	0	0	0	0	0	0	0	0	0	0	0	0	0	0	0	0	0	0	6	0	0	0	0	0	0	0	50	0	39	16	0	36	0	0	0	0	0	0	0	0	0	0	0	0
80774e3dbebe257a26fed02a4579e2b4	24	19	27	13	9	31	8	29	14	10	7	6	0	8	14	14	11	26	4	22	29	61	46	114	58	84	21	15	22	76	76	137	84	30	77	107	70	42	49	55	14	65	49	87	30	68	52	70	21	55	41	80	75	59	48	55	67	117	53	14	0	0	13	0	0	0	0	48	0	0	0	0	7	0	0	0	0	0	0	0	0	0	0	11	0	0	10	0	0	0	0	0	0	0	0	0	0	0	0	0	0	0	0	0	0	0	0	0	0	0	18	33	0	0	0	0	0	0	0	0	0	12	0	0	13	0	0	0	0	0	0	19	0	25	0	0	0	0	75	0
9d74a7f408ffedaf803c708e09663a5b	0	56	34	27	29	25	73	22	16	50	0	0	0	48	0	17	21	18	8	24	13	0	205	85	53	22	27	22	38	53	41	29	79	13	112	36	57	21	115	40	0	0	0	0	0	0	73	56	50	58	46	19	83	59	25	0	39	16	22	9	0	0	0	0	0	0	43	20	0	0	0	0	0	0	0	0	0	0	0	0	0	0	0	0	0	0	120	33	0	16	0	0	0	0	0	0	0	0	18	0	0	0	0	0	0	0	0	0	0	0	29	53	0	0	0	0	0	0	0	0	0	0	0	0	0	0	0	0	0	43	0	0	0	0	0	0	0	0	54	0
f4b9dde469fd62deb1abeed6b91eafa1	16	69	0	0	0	0	50	47	0	47	39	0	25	0	0	0	25	0	52	0	22	18	222	65	0	0	0	0	0	0	0	0	54	17	106	0	64	26	136	0	58	31	81	56	40	53	0	0	0	39	54	30	35	0	68	31	139	58	0	0	25	0	189	0	0	0	0	0	0	0	0	0	37	7	0	0	0	0	21	65	0	0	84	0	0	0	139	0	0	0	0	0	0	0	0	0	0	0	0	0	0	0	0	0	0	0	0	0	0	0	0	0	9	0	0	0	12	61	0	0	0	0	0	59	42	0	0	0	0	47	14	20	0	0	0	0	0	0	0	0
9a8592fe7c52b0cb2610c86f5a365eb0	10	20	0	0	0	0	29	0	0	0	0	0	8	4	0	0	0	0	0	0	14	17	27	23	0	0	0	0	0	0	0	0	38	32	0	0	0	0	0	0	0	0	0	0	6	25	10	13	6	17	0	0	0	0	0	0	0	0	0	0	0	0	0	0	0	0	0	0	0	0	0	0	0	0	0	0	0	0	0	0	0	0	0	0	0	0	0	0	0	0	0	0	0	0	0	0	0	0	0	0	0	0	0	0	0	0	0	0	0	0	0	0	0	0	0	0	0	0	0	0	0	0	0	0	15	0	0	0	2	0	0	0	0	0	0	0	0	0	0	0
15c4384c3a176efe6eac7bf5c44d45b8	0	0	0	0	0	0	0	0	0	0	0	0	0	0	0	0	0	0	0	0	44	0	45	0	0	0	0	0	0	0	0	0	0	22	0	0	49	0	48	0	0	0	0	0	0	0	0	0	0	35	0	0	0	0	0	0	42	68	0	0	6	0	0	0	0	0	0	0	0	0	0	0	9	0	0	0	0	0	0	0	0	0	0	0	0	0	0	0	0	0	0	0	6	0	0	0	0	0	0	0	0	0	0	0	0	0	0	0	0	0	0	0	0	0	0	0	0	0	0	0	0	0	0	11	0	0	0	0	0	0	0	0	0	0	0	0	0	0	0	0
84c2b2a5c162438f7c3a10816b208fba	0	0	0	0	0	0	0	0	0	0	0	0	0	0	0	0	0	0	8	0	0	0	0	0	0	0	0	0	0	0	0	0	0	0	0	0	0	0	0	0	0	0	0	0	0	0	0	0	0	0	0	0	0	0	0	0	34	7	8	0	0	0	0	0	0	0	0	0	0	0	0	0	0	0	0	0	0	0	0	0	0	0	0	0	0	0	0	0	0	0	0	0	0	0	0	0	5	0	0	0	0	0	0	0	0	0	0	0	0	0	0	0	0	0	0	0	0	0	0	0	0	0	0	0	0	0	0	0	0	0	0	0	0	0	0	0	0	0	16	0
943e10e716002ca836f9f5e3278a6621	57	39	0	0	37	46	66	6	18	37	51	0	23	21	4	27	22	21	47	22	65	96	84	51	0	0	0	0	50	63	99	43	65	0	91	58	100	37	87	41	105	33	56	58	13	55	101	50	55	86	56	42	100	120	157	51	77	0	50	0	0	0	4	0	0	0	0	0	4	0	0	0	0	0	0	0	0	0	0	0	0	0	0	0	0	0	20	0	0	0	9	0	0	0	11	32	18	0	0	0	0	0	0	0	0	0	0	0	0	0	50	85	0	0	0	0	0	0	0	0	4	21	0	0	30	8	9	0	0	7	11	10	0	0	5	0	0	0	100	0
50fadc1d0d8871fc2aa411188e84e269	0	0	0	7	0	0	0	0	0	0	0	0	0	0	0	0	0	0	0	0	4	0	0	0	0	0	0	0	0	0	18	6	0	0	0	0	0	0	0	6	0	0	9	0	0	0	8	7	0	0	4	0	15	0	10	10	0	0	0	0	0	0	0	0	0	0	0	8	0	0	0	0	0	0	0	0	0	0	0	0	0	0	0	52	0	0	7	0	0	0	0	0	0	0	0	0	0	0	0	0	0	0	0	0	0	0	0	0	0	0	0	5	0	0	0	0	0	0	0	0	0	0	0	0	0	0	0	0	0	0	0	0	0	0	0	0	0	0	0	0
a9128753dca35bb629f1fa84a6f8f064	10	25	6	18	13	19	41	9	29	28	14	7	5	11	0	12	10	0	8	14	10	23	55	35	34	10	10	15	33	34	49	27	88	20	61	23	114	34	67	23	31	16	41	41	23	36	86	38	12	26	22	33	50	42	22	27	37	15	18	9	0	0	42	0	7	0	0	25	0	0	0	0	28	0	0	0	7	0	6	0	0	0	15	0	0	0	88	85	0	0	0	22	0	21	29	60	0	0	10	0	0	0	0	0	0	0	0	0	0	0	31	49	3	0	0	0	4	0	0	0	0	14	3	18	77	0	0	0	4	43	8	9	0	0	0	0	0	0	129	10
207aeb727b65721b4e6437c671e960c5	0	0	11	19	7	10	0	0	7	14	0	4	0	0	0	5	4	0	9	3	0	0	0	0	13	16	13	11	20	21	35	10	4	0	0	0	40	5	31	8	10	5	25	10	0	0	0	0	11	28	8	9	21	13	6	7	47	12	12	4	0	0	0	0	0	0	0	7	0	0	0	0	0	0	0	0	0	0	0	0	0	0	21	0	0	0	66	0	0	0	0	0	0	0	5	0	0	0	0	0	0	0	0	0	3	0	0	0	5	0	8	8	0	0	0	0	0	0	0	0	0	0	0	0	0	0	0	0	0	0	0	0	0	0	0	0	0	0	29	0
28c485658f2b55b80831a82657297cf2	8	0	0	0	0	0	0	15	0	6	0	0	0	0	0	5	0	6	0	0	4	0	0	0	7	0	0	0	0	0	0	0	0	0	49	16	11	0	4	0	5	0	10	4	0	0	0	0	0	0	8	0	13	0	7	0	0	0	0	0	10	0	0	0	0	0	0	0	0	0	0	0	0	0	0	0	0	0	5	0	0	0	0	0	0	0	0	0	0	0	0	0	0	0	0	0	0	0	0	0	4	0	0	0	0	0	0	0	0	0	0	0	0	0	0	7	3	0	0	0	0	0	5	9	0	0	0	0	0	7	3	0	0	0	0	0	0	0	0	0
548ecb0e165845e82e5ff17d050369e2	4	4	26	15	5	4	0	21	21	14	9	0	21	0	9	6	0	22	6	0	10	8	10	0	9	7	0	0	6	10	9	5	0	0	33	14	17	5	14	8	9	0	18	0	18	20	7	0	0	0	15	0	9	5	11	7	22	5	0	0	0	0	0	0	0	0	0	10	0	0	0	0	0	0	0	0	0	0	0	0	0	0	0	0	0	0	0	0	0	0	0	0	0	0	3	7	0	0	0	0	0	0	0	0	2	0	0	0	0	0	0	2	0	0	0	0	0	0	0	0	0	0	0	0	29	0	0	0	0	0	0	0	0	0	3	0	0	0	3	0
cafec65c803c8f0b7e11bdc1d7d5b482	46	23	32	11	29	43	67	38	12	15	35	21	6	30	9	15	18	26	9	45	55	38	116	53	80	30	27	16	44	38	112	49	102	16	138	53	53	17	96	26	73	39	84	57	37	36	95	62	40	74	45	30	116	73	67	38	81	36	52	13	3	0	0	0	20	0	0	13	17	0	0	0	51	0	0	0	0	0	0	0	0	0	23	36	0	0	180	10	8	0	0	0	0	0	38	2	16	0	37	0	2	0	0	0	6	0	0	6	9	17	38	85	15	0	3	0	0	0	0	0	2	7	5	0	45	0	0	0	2	0	5	7	0	0	2	0	0	0	61	0
1caf8b7ccb50032f2d7649c090f376c2	0	0	0	0	0	0	0	4	0	0	0	0	0	0	0	0	0	0	0	0	0	0	0	0	0	0	0	0	0	0	0	0	0	0	0	0	0	0	0	0	0	0	0	0	0	0	0	0	0	0	0	0	0	0	0	0	0	0	0	0	0	0	0	0	0	0	0	0	0	0	0	0	0	0	0	0	0	0	0	0	0	0	0	0	0	0	0	0	0	0	0	0	0	42	0	0	0	0	0	0	0	0	0	0	0	0	0	0	0	0	0	0	0	0	0	0	0	0	0	0	0	0	0	0	0	0	0	0	0	0	0	0	0	0	0	0	0	0	0	0
4af742c077ce95f2669a20d8ca55e226	0	0	0	0	0	0	6	0	0	7	0	0	4	0	5	0	0	5	0	0	0	0	20	8	7	0	0	0	0	15	0	0	9	0	5	0	8	0	9	0	5	0	0	4	0	0	0	5	0	0	0	0	5	0	8	0	60	5	7	0	13	116	0	7	11	13	8	0	10	0	37	35	9	0	0	16	6	0	0	24	12	5	10	0	4	0	11	15	0	9	8	15	0	245	12	17	12	24	6	12	10	18	23	45	22	38	12	58	13	121	8	23	0	22	0	30	10	26	14	9	10	35	14	43	7	24	18	52	0	27	216	26	16	115	19	24	24	22	15	29
a3b5cd84bfb6f92499767960d058bef1	3	8	6	0	0	0	0	0	9	0	0	0	0	0	0	3	0	0	0	0	3	6	11	0	8	5	0	0	6	7	10	10	5	0	8	5	9	0	0	4	0	0	0	17	0	0	7	0	0	11	5	0	7	0	9	9	46	0	0	0	13	124	21	11	13	11	9	6	11	13	43	39	10	47	238	44	48	11	117	10	17	56	0	26	13	88	11	58	8	11	11	15	13	308	0	23	25	26	8	18	15	13	45	40	19	39	12	84	8	113	18	40	24	120	1210	40	4671	34	18	0	18	33	23	87	12	24	15	1195	21	28	312	43	28	126	21	31	29	35	24	51
177babd43f56c819cf2041c3c0db9749	0	0	0	0	0	3	0	0	0	0	0	0	0	0	0	0	0	0	0	0	0	0	14	0	5	0	0	0	2	0	0	8	7	0	0	10	0	0	0	0	4	0	0	0	0	0	0	0	0	0	0	0	0	0	0	0	18	0	0	0	0	42	0	0	9	7	4	0	9	0	8	0	0	0	0	8	0	0	0	4	5	6	0	6	0	0	0	10	0	0	0	0	0	67	0	0	11	9	0	6	0	6	10	9	0	10	6	32	0	44	0	8	0	7	0	14	6	9	0	0	0	8	0	0	7	11	9	13	8	5	98	9	10	24	0	9	0	24	9	21
