#OTU ID	M_WT405_10	M_WT411_10	M_WT420_10	M_WT425_10	M_WT427_10	M_WT431_10	M_WT450_10	M_WT459_10	M_WT475_10	M_WT481_10	M_WT482_10	M_WT500_10	M_WT515_10	M_WT517_10	M_WT524_10	M_WT541_10	M_WT555_10	M_WT568_10	M_WT579_10	M_WT584_10	M_WT405_CC	M_WT405_CL	M_WT411_CC	M_WT411_CL	M_WT420_CC	M_WT420_CL	M_WT425_CC	M_WT425_CL	M_WT427_CC	M_WT427_CL	M_WT431_CC	M_WT431_CL	M_WT450_CC	M_WT450_CL	M_WT459_CC	M_WT459_CL	M_WT475_CC	M_WT475_CL	M_WT481_CC	M_WT481_CL	M_WT482_CC	M_WT482_CL	M_WT500_CC	M_WT500_CL	M_WT515_CC	M_WT515_CL	M_WT517_CC	M_WT517_CL	M_WT524_CC	M_WT524_CL	M_WT541_CC	M_WT541_CL	M_WT555_CC	M_WT555_CL	M_WT568_CC	M_WT568_CL	M_WT579_CC	M_WT579_CL	M_WT584_CC	M_WT584_CL	M_WT405_DC	M_WT405_DL	M_WT411_DC	M_WT411_DL	M_WT420_DC	M_WT420_DL	M_WT425_DC	M_WT425_DL	M_WT427_DC	M_WT427_DL	M_WT431_DC	M_WT431_DL	M_WT450_DC	M_WT450_DL	M_WT459_DC	M_WT459_DL	M_WT475_DC	M_WT475_DL	M_WT481_DC	M_WT481_DL	M_WT482_DC	M_WT482_DL	M_WT500_DC	M_WT500_DL	M_WT515_DC	M_WT515_DL	M_WT517_DC	M_WT517_DL	M_WT524_DC	M_WT524_DL	M_WT541_DC	M_WT541_DL	M_WT555_DC	M_WT555_DL	M_WT568_DC	M_WT568_DL	M_WT579_DC	M_WT579_DL	M_WT584_DC	M_WT584_DL	M_WT405_IC	M_WT405_IL	M_WT411_IC	M_WT411_IL	M_WT420_IC	M_WT420_IL	M_WT425_IC	M_WT425_IL	M_WT427_IC	M_WT427_IL	M_WT431_IC	M_WT431_IL	M_WT450_IC	M_WT450_IL	M_WT459_IC	M_WT459_IL	M_WT475_IC	M_WT475_IL	M_WT481_IC	M_WT481_IL	M_WT482_IC	M_WT482_IL	M_WT500_IC	M_WT500_IL	M_WT515_IC	M_WT515_IL	M_WT517_IC	M_WT517_IL	M_WT524_IC	M_WT524_IL	M_WT541_IC	M_WT541_IL	M_WT555_IC	M_WT555_IL	M_WT568_IC	M_WT568_IL	M_WT579_IC	M_WT579_IL	M_WT584_IC	M_WT584_IL
249956abc9a2b00cf369b0b5cc0ffecd	0	0	0	0	0	2	0	0	0	0	0	3	2	4	0	0	0	0	0	0	0	0	2	0	0	0	0	0	0	0	0	0	0	0	0	0	0	0	0	0	0	0	0	0	0	0	0	0	0	0	0	0	0	0	0	0	0	0	0	0	0	3	14	0	0	0	0	0	0	0	28	0	0	0	0	0	4	0	0	0	0	0	0	0	0	0	15	0	0	0	0	0	0	0	0	0	0	0	0	0	14	5	921	13	35	0	8	0	19	6	16	0	4	4	8	0	84	15	0	0	2	0	0	0	0	0	9	19	11	0	6	5	29	0	7	4	18	0	13	4
220489abfe67f6c5468257fbfe8da245	40	0	10	22	0	0	157	52	33	50	26	88	49	126	29	36	132	85	40	76	62	17	0	16	0	0	18	22	14	0	21	0	42	37	26	0	114	0	49	14	25	0	17	29	31	20	61	16	43	16	45	14	64	0	38	19	35	0	124	17	40	0	64	0	41	37	0	0	0	0	21	0	0	37	0	0	0	0	37	0	86	0	2	0	0	0	592	14	0	0	0	0	761	22	0	18	0	0	0	0	685	66	88	0	172	34	0	30	0	21	50	25	0	41	0	0	0	0	144	31	100	9	0	0	0	15	505	78	0	13	0	17	1468	220	64	53	382	0	329	57
60de440009ba631a5d5a70441994ad33	69	49	37	33	8	82	203	353	41	93	55	281	140	203	45	70	118	151	211	125	45	27	33	67	52	49	48	24	74	28	80	67	31	44	69	55	215	40	46	30	66	6	65	67	118	46	88	47	78	28	82	26	44	12	91	25	131	62	195	20	75	33	434	33	65	69	0	0	29	14	0	66	0	31	0	0	0	0	93	24	102	14	0	0	0	0	677	0	48	6	0	71	565	44	147	0	27	0	89	41	1126	90	565	17	579	123	27	53	20	46	83	99	37	41	23	44	0	34	219	33	262	39	21	45	25	52	1023	64	24	32	14	25	1281	144	147	74	1700	46	520	28
e920aec39d0ec8b823fb4b5b26a71b57	0	0	0	0	0	6	34	24	0	29	0	35	13	19	0	16	9	14	12	0	0	0	0	0	0	0	0	0	9	0	0	0	0	0	0	0	15	0	0	8	25	0	7	0	0	0	0	0	0	0	0	0	0	0	12	0	9	7	0	0	38	0	17	0	14	0	0	0	0	0	0	0	0	0	0	0	0	56	39	13	0	0	0	0	0	0	43	0	0	0	0	0	60	0	0	0	92	0	17	0	40	0	0	0	20	0	0	0	0	0	0	0	0	14	0	0	0	0	37	0	45	0	0	0	0	0	72	0	0	0	0	0	114	0	0	12	129	0	61	0
378d2f759615631ec0dcb302a7203e86	0	0	0	0	0	0	0	0	0	0	0	33	0	0	0	0	12	0	0	0	0	0	0	0	0	2	7	5	0	0	0	0	0	0	0	0	6	4	0	0	0	0	7	11	0	0	0	0	0	0	0	0	8	0	0	0	0	0	0	0	0	3	23	0	52	0	0	4	0	0	0	0	0	0	0	0	0	0	0	0	0	0	0	0	0	0	13	0	0	0	0	0	97	0	0	18	0	0	0	0	2	0	0	0	0	0	0	0	0	0	0	3	0	0	0	0	0	0	0	0	0	0	0	0	0	0	4	0	0	0	0	0	102	0	0	0	0	0	0	0
61ee083dd3bea539756859015c1c40e5	105	43	24	48	0	0	604	5	49	0	55	395	87	432	49	104	145	8	354	10	296	111	142	90	87	42	161	77	0	5	5	12	140	91	5	5	324	86	8	0	55	7	136	95	65	47	206	141	59	16	136	63	169	34	18	6	267	162	62	19	735	87	3034	187	959	163	196	0	66	0	92	2	80	228	0	2	0	35	0	0	629	53	62	150	4	0	4639	226	81	0	0	60	2324	139	0	21	935	132	73	0	1100	156	455	11	1051	129	20	35	17	15	68	41	27	96	16	22	10	27	12	10	148	22	7	67	19	37	1125	218	14	21	3	15	2352	428	24	90	4080	136	178	49
8668df7469b7ab0b7823b11be8c21ad2	0	0	0	0	0	13	0	29	0	0	0	0	11	17	8	0	0	35	0	9	0	0	0	0	0	0	0	0	23	0	11	11	0	0	0	4	0	0	0	0	0	0	0	0	7	0	6	0	0	0	0	0	0	0	15	0	0	0	19	7	8	4	33	0	8	0	0	0	0	0	0	0	0	0	0	0	0	0	6	0	0	0	0	0	0	0	28	0	0	0	0	0	0	0	0	29	0	0	14	0	17	11	10	0	32	0	0	5	0	0	0	0	0	11	0	0	0	0	5	0	0	0	0	0	0	10	11	0	0	0	0	0	9	0	34	12	4	0	61	0
a6bd10e64701aefb0e95e885e1e03dc7	0	0	0	0	0	0	17	0	14	7	0	110	14	24	0	0	7	0	38	6	13	4	0	7	0	6	9	10	0	0	7	0	8	8	0	0	9	0	0	7	7	0	26	15	14	13	22	8	0	0	0	0	14	0	0	0	40	16	45	11	8	0	50	0	9	0	0	0	0	0	0	0	0	5	0	0	0	0	0	0	19	0	0	0	0	0	257	0	0	0	0	0	65	0	20	0	62	0	0	0	26	0	64	3	32	8	0	0	0	0	0	0	0	0	0	0	0	0	19	0	9	0	0	0	0	8	55	4	0	0	0	0	103	0	0	0	328	28	65	21
0ebff951367c8655ca7579ce3bc3d983	202	395	91	116	0	938	1087	1097	974	2692	862	753	1528	1609	1646	1715	883	607	728	3874	920	219	1534	1107	347	211	461	178	410	126	2193	1217	1859	1799	601	305	1343	554	2314	783	524	276	1240	1005	650	297	571	405	1795	1457	2022	1030	956	204	978	470	1077	744	1951	571	3	9	15	22	0	48	0	15	73	301	0	83	0	2807	0	0	0	0	0	0	6	118	0	0	0	0	0	4	0	58	0	35	0	0	11	154	0	49	0	10	0	30	0	0	0	56	10	0	0	60	0	0	10	279	0	0	0	0	8	0	10	0	0	99	0	6	0	0	0	4	0	0	0	0	0	62	0	19	0	0
4d65579d390257cdb0d61d5ef5719a00	293	105	129	408	26	356	366	677	2693	755	259	226	787	813	409	445	487	454	249	1431	1429	320	427	309	628	335	1725	779	1170	310	697	421	539	568	460	259	3241	1361	749	270	191	110	372	311	335	175	364	231	459	425	553	292	632	148	660	365	358	274	694	242	0	0	0	0	0	0	0	0	85	970	11	0	0	868	0	0	0	0	0	0	0	0	0	0	0	0	0	0	0	60	0	0	0	0	0	341	10	0	0	0	0	0	0	0	0	105	0	2	53	181	0	49	0	88	9	0	0	0	0	0	0	0	0	0	0	0	0	0	0	0	0	0	0	8	0	0	0	0	0	0
2c73d747db85aef442c1e09b444690de	136	123	177	385	20	737	940	249	911	316	343	791	2680	968	1318	1736	141	287	406	4499	1316	254	1069	773	464	411	2175	866	1372	435	1713	1073	1482	1296	330	191	1844	751	302	93	270	152	1661	1221	1210	921	786	456	1472	1594	2674	1391	195	0	665	375	501	442	2466	667	0	15	0	22	0	6	0	20	249	1163	76	148	0	2301	0	98	0	6	6	0	0	0	0	0	0	0	0	0	0	0	0	148	0	0	12	320	39	0	0	0	0	22	7	0	6	228	19	0	70	363	19	13	29	308	0	5	0	0	0	0	0	8	0	209	5	21	0	10	0	0	0	0	0	0	0	50	0	13	0	5
c67124a3106cce93d7818425aec1fd91	0	0	0	0	0	0	255	0	0	188	345	0	166	1403	0	0	770	51	0	0	0	0	0	0	0	0	0	0	0	0	0	0	551	541	0	0	0	0	153	42	383	208	0	0	78	0	826	491	0	0	0	0	1012	250	86	49	0	0	0	0	0	0	0	0	0	0	0	0	0	0	0	0	0	997	0	0	0	0	0	0	55	145	0	0	0	0	6	0	0	0	0	0	0	0	0	0	0	0	0	0	0	0	0	0	0	0	0	0	0	0	0	0	0	73	0	0	0	0	0	0	0	0	0	0	0	0	0	0	0	0	0	0	0	0	2	0	0	0	0	0
83c2bf2a737e15852ade1c904499de4d	0	136	0	0	0	0	8	0	0	1538	3	0	5	8	0	0	0	2	1024	0	16	0	1227	1196	0	3	7	3	4	0	0	3	6	8	2	0	20	5	1891	781	0	6	4	10	0	0	0	0	6	6	4	2	7	0	3	0	1128	618	0	0	0	0	34	0	0	0	0	0	0	0	0	0	0	0	0	0	0	0	7	0	0	0	0	0	0	0	0	0	0	0	0	0	0	0	0	0	94	162	0	0	0	0	0	0	0	0	0	0	0	0	0	0	0	0	0	0	0	0	0	8	0	0	0	0	0	0	0	0	0	0	0	0	0	0	0	0	5	29	0	0
836d6c23a03d353068b8aeb95e9911d4	45	47	37	98	0	84	236	201	195	192	74	86	342	190	69	113	56	70	140	428	188	0	245	124	95	48	269	98	182	0	316	170	168	190	88	44	202	101	121	48	57	0	149	87	93	67	138	86	76	0	137	65	79	0	152	61	114	0	256	54	0	0	1062	0	0	0	0	0	0	105	0	0	42	518	0	0	0	0	342	59	115	0	0	0	0	0	353	112	0	0	15	0	263	148	107	77	38	10	0	0	0	72	416	0	0	0	0	0	0	0	0	0	0	0	0	0	0	0	0	186	42	152	0	37	0	0	0	146	0	0	0	0	0	83	0	0	0	150	0	89
8d9aee06bde55b408e64fc847d265d8a	149	151	80	216	10	228	594	465	620	537	274	119	994	372	213	285	198	202	339	1019	556	152	607	384	263	127	718	214	462	109	653	356	458	450	247	145	530	226	315	102	159	75	242	169	221	143	236	127	195	134	327	169	193	57	453	168	280	140	609	155	429	108	2613	99	583	96	0	11	115	300	24	401	0	1185	0	0	0	37	852	146	476	261	0	0	0	0	541	0	0	0	0	448	688	80	409	206	0	0	153	80	57	78	907	70	121	180	7	15	29	105	7	45	0	130	0	0	0	5	114	314	102	492	0	0	0	0	10	304	28	0	0	0	56	84	73	197	90	146	39	157
91894bef05b812de83ca8befd8a7d86e	116	134	120	162	20	245	794	565	559	1375	1484	131	1893	218	362	282	563	596	333	2118	760	183	573	317	519	257	746	249	1126	211	813	497	1185	1135	511	217	1471	501	1345	464	977	311	184	188	943	514	407	229	661	489	651	301	759	167	1511	730	438	230	2027	317	288	64	1669	67	958	154	0	81	41	526	13	225	134	1926	0	0	0	22	840	26	5827	234	0	80	0	0	822	73	235	0	0	360	820	0	52	426	22	0	146	0	60	93	14	14	131	98	31	34	77	188	43	54	27	189	8	0	6	0	397	505	423	953	5	33	13	12	77	219	18	0	0	15	396	299	12	88	138	234	317	666
ff0d81cdef4146613597097a5b642ea2	0	0	0	0	0	0	126	72	95	0	284	0	101	66	0	0	47	38	44	194	76	0	41	32	0	0	63	0	0	0	0	0	58	57	58	0	128	44	68	0	89	47	0	0	0	0	52	0	0	0	0	0	51	0	65	0	0	0	97	0	168	0	470	0	96	0	0	0	0	0	0	0	0	198	0	0	0	0	180	47	2097	0	0	0	0	0	326	0	0	0	0	96	271	0	97	46	0	0	73	0	0	0	91	0	69	90	0	0	0	0	16	0	0	0	11	0	0	0	0	83	178	387	0	0	8	0	0	92	0	0	0	0	0	157	0	77	0	59	0	65
4997cd54d26bdc0cfa16ee25e0539c47	151	281	168	238	20	440	510	676	932	1679	848	386	1103	759	439	14	411	574	462	1537	778	95	863	521	442	211	582	192	927	198	890	440	647	536	572	180	1554	422	1889	509	488	217	553	367	558	233	487	257	560	532	21	9	495	102	823	389	665	326	860	118	940	84	4427	177	869	291	0	62	197	724	0	193	98	1466	0	93	0	35	1615	168	2830	297	0	0	5	0	2538	278	136	72	3	447	1037	151	47	73	374	168	186	134	212	212	38	33	432	212	18	78	92	199	78	221	21	235	10	29	9	20	560	770	587	1005	7	14	12	24	460	551	14	152	3	18	1065	194	71	200	1543	565	300	338
71ee056f6f568aaa648b0b008338a85b	27	39	33	54	7	52	121	87	121	74	289	0	319	122	86	60	184	156	73	355	334	47	204	133	98	51	250	119	265	52	153	99	231	184	94	61	310	89	185	72	316	69	114	46	263	107	138	101	265	130	120	64	237	77	361	150	282	97	665	112	53	99	799	134	360	21	131	0	22	128	0	247	0	459	0	0	0	44	163	0	1216	126	86	0	0	0	763	4	117	0	0	135	636	0	312	163	100	476	97	138	241	224	300	30	212	39	13	43	21	100	31	89	0	98	0	18	0	0	146	108	327	329	0	81	0	0	153	244	0	19	0	0	306	0	148	142	415	93	207	171
7ba2c422867126928cd558a5c3d179d9	18	43	13	22	0	25	77	22	68	117	61	6	174	21	41	20	51	35	27	88	82	12	135	69	110	44	61	14	80	18	76	34	180	89	22	8	146	40	205	72	59	23	13	20	114	57	38	24	86	105	47	17	111	28	101	48	69	31	187	43	68	8	509	0	156	0	0	57	43	44	0	0	0	141	0	0	0	0	265	0	285	11	0	0	0	0	77	0	0	0	0	9	116	0	0	35	0	180	0	13	20	12	28	0	57	10	0	0	0	12	0	8	0	53	0	0	0	0	39	121	40	95	0	0	0	0	16	10	0	0	0	0	88	99	13	26	77	27	32	33
9ddf781f2ff72d3c591d164ca9fe7c2a	53	143	108	257	16	223	479	396	697	615	374	74	1096	90	415	293	618	621	228	1747	733	445	707	730	469	399	1105	525	1307	373	1330	975	839	914	482	185	1487	372	1137	323	1030	189	276	405	922	429	249	218	992	892	1681	392	967	154	1383	653	847	479	1857	316	232	147	2382	286	770	261	82	0	126	416	101	522	0	1751	0	7	0	69	979	289	526	204	0	50	3	0	311	32	79	59	4	356	713	221	289	1145	4	40	155	204	91	176	60	17	945	320	10	18	131	370	29	86	19	231	16	16	7	9	321	450	590	661	0	17	10	11	39	45	14	16	0	39	361	185	68	179	577	334	217	193
bcb2ec9b7a4be36488b9d4114333d473	0	0	0	0	0	0	28	0	0	0	0	0	0	0	0	0	0	39	0	64	0	0	0	0	0	0	0	0	0	0	0	0	51	35	0	0	0	0	0	0	0	0	0	0	0	0	0	0	0	0	0	0	0	0	79	36	0	0	87	0	0	0	0	0	0	0	0	0	0	0	0	0	0	52	0	0	0	0	0	0	0	0	0	0	0	0	0	0	0	0	0	0	0	0	0	42	0	0	32	0	0	0	0	0	0	0	0	0	0	0	0	0	0	0	0	0	0	0	0	0	0	0	0	0	0	0	0	0	0	0	0	0	0	0	0	17	0	0	0	0
d96e982722bc47856b1d0f4c461518a9	201	106	86	12	0	0	0	0	588	722	638	434	739	654	330	185	408	0	382	0	990	135	504	273	396	143	29	0	15	0	0	0	0	0	23	27	902	278	920	291	394	124	578	369	435	179	379	248	499	429	340	138	499	112	0	0	601	225	0	0	233	0	1155	209	1274	196	0	0	0	0	39	65	0	0	0	0	0	0	825	52	2488	59	0	0	17	0	873	105	0	0	0	160	534	203	0	0	123	0	0	0	116	90	137	0	77	203	12	0	10	19	0	32	16	0	0	0	8	8	336	656	352	920	0	0	0	13	61	859	0	0	0	0	129	323	0	0	235	376	0	0
e8350158e98e3d0dd7960647fd6648bc	196	78	92	0	0	43	159	24	395	707	551	348	645	547	345	182	391	154	296	284	810	157	535	251	361	167	0	18	0	0	92	74	203	141	0	0	766	322	925	300	375	127	504	344	332	177	371	169	459	339	325	140	520	85	291	131	486	202	320	65	312	71	1441	89	763	0	8	0	34	6	0	83	0	235	0	163	0	35	771	0	2815	55	0	4	0	0	832	231	12	0	0	90	635	78	37	52	260	0	25	22	150	100	142	26	86	141	0	10	0	0	15	0	0	53	5	13	0	0	325	610	356	807	7	37	7	0	71	890	42	20	0	15	126	600	35	120	316	403	25	25
f1898664b8ef4fcb75774c8d8c32d935	8	20	10	30	0	13	53	50	70	97	78	21	193	9	48	32	63	45	37	146	92	24	109	86	70	42	56	34	98	31	84	44	90	86	47	21	96	46	102	36	49	11	62	55	86	49	31	24	103	103	124	42	104	24	103	41	123	64	152	32	80	21	696	178	152	128	0	0	31	88	0	74	0	321	0	109	0	10	176	11	368	0	0	0	0	0	126	14	10	0	0	162	161	0	81	3	0	0	36	0	16	10	169	0	36	16	0	0	0	14	0	0	0	0	0	0	0	0	35	98	24	82	0	0	0	0	0	97	0	0	0	0	10	55	40	52	26	37	13	27
f83d58df5d2a92d8f5404188a405bd42	27	30	0	57	0	0	77	48	79	52	257	80	266	98	62	55	137	120	50	233	214	33	166	106	58	39	166	77	202	43	132	77	199	124	55	0	214	62	120	38	304	45	0	50	205	91	103	75	171	87	92	0	132	0	267	139	192	81	574	70	0	76	706	148	280	0	0	59	0	66	12	0	0	263	6	0	0	0	100	0	1107	106	0	0	10	0	462	0	285	86	0	0	302	31	71	182	0	175	108	0	149	154	257	0	183	47	0	0	0	0	0	58	18	96	10	0	9	0	109	62	224	176	10	0	18	27	111	240	23	0	0	15	240	137	156	202	281	77	170	57
fbcf21a37e10ef661b45a1538c337257	0	0	0	0	0	0	9	0	0	0	0	0	0	0	0	0	0	0	0	0	0	0	0	0	0	0	0	0	0	0	0	0	13	10	0	0	0	0	0	0	0	0	0	0	0	0	0	0	0	0	0	0	0	0	0	0	0	0	0	0	0	0	0	20	0	0	0	0	0	0	0	0	0	14	0	0	0	0	0	0	0	0	0	0	0	0	0	0	0	0	0	0	0	0	0	0	0	0	0	0	0	0	0	0	0	0	0	0	0	0	0	0	0	0	0	0	0	0	0	0	0	0	0	0	0	0	0	0	0	0	0	0	0	0	0	0	0	0	0	0
408ff55f172b54fbb975e2b8f51928e1	68	46	29	63	0	138	165	191	260	336	229	68	1128	293	290	195	226	142	87	1065	305	89	210	152	164	83	357	114	314	96	393	215	269	249	125	69	380	149	268	85	218	105	320	167	289	175	256	144	245	283	287	154	297	66	358	147	189	140	566	132	218	0	782	0	427	8	0	0	99	366	9	56	0	529	0	0	0	72	255	45	1074	0	0	0	0	0	803	79	3	0	0	0	538	138	81	307	0	0	297	0	47	90	0	0	42	34	0	8	0	101	0	0	16	71	0	5	7	25	37	154	179	356	0	15	0	15	0	102	0	0	0	0	79	237	10	33	96	98	143	134
4e1a2a8548793756a7bd2f998ca99a44	121	131	133	212	0	241	465	166	226	108	447	220	391	476	164	216	261	285	526	1173	328	98	206	273	234	162	412	225	338	126	445	306	336	402	185	70	838	198	138	49	456	181	262	242	207	96	479	309	353	254	450	186	186	40	461	218	554	359	896	164	119	58	1073	130	329	81	186	88	42	101	0	318	71	527	0	0	0	0	107	0	1549	75	125	17	57	0	1976	90	283	0	0	326	740	28	147	144	258	151	75	45	287	119	175	0	333	149	16	32	23	54	0	74	22	142	0	15	0	0	119	55	624	450	34	25	0	23	285	514	29	0	0	18	451	114	163	206	956	508	412	372
64670b07108fc9d160b6f35e0e6ead92	0	0	0	0	0	0	0	100	0	0	0	0	0	0	0	0	0	0	0	0	0	0	0	0	0	0	0	0	0	0	0	0	0	0	117	70	0	0	84	0	0	0	0	0	0	0	0	0	0	0	0	0	0	0	0	0	0	0	0	0	0	0	0	0	0	0	45	0	0	0	0	0	0	0	0	0	0	0	158	0	95	0	0	0	0	0	0	0	87	0	0	0	0	0	0	0	0	0	0	0	0	0	0	0	0	0	0	0	0	0	0	0	0	0	0	0	0	0	0	104	0	0	0	0	0	0	0	0	0	0	0	0	0	0	0	0	0	0	0	0
8d24eb9a691359ac90986abef619c6f9	42	28	32	40	4	169	165	54	199	530	267	58	354	277	123	114	143	132	150	429	263	55	137	79	126	48	203	61	312	70	312	143	168	168	66	0	332	84	320	123	189	65	113	76	138	68	137	50	124	95	159	63	138	32	194	69	119	42	263	27	130	54	908	53	321	56	0	0	51	320	85	71	0	571	0	0	0	11	390	45	1507	4	0	11	0	0	621	11	92	0	0	79	451	31	52	157	123	0	67	0	92	67	149	0	111	103	6	8	28	95	5	49	12	79	5	0	0	0	170	182	241	623	0	0	0	7	84	369	15	3	0	0	135	163	60	81	333	199	53	47
a0e6aa51f6c27a5e1bb3e5f6c447d6f5	104	59	60	90	0	0	295	262	263	109	958	120	334	238	115	130	141	107	143	482	261	88	161	105	136	74	243	99	0	0	10	10	242	212	164	69	404	148	250	109	351	183	185	128	109	74	190	119	128	109	160	47	194	64	197	152	153	92	303	101	527	97	1433	38	448	55	4	227	33	0	19	112	0	679	0	0	0	32	657	84	7033	173	24	0	0	3	1049	165	107	0	0	0	973	75	262	190	265	179	0	0	57	153	307	8	202	100	6	38	0	17	0	27	12	83	0	7	0	0	163	311	614	1529	0	0	0	12	117	812	33	10	0	0	107	286	128	130	158	168	97	170
a29c50b67262ba2232ed5d6b36890141	72	37	34	66	8	132	211	222	269	307	234	81	1258	309	344	203	234	155	99	1147	361	123	242	157	161	88	377	165	330	108	413	279	275	256	154	92	449	218	295	88	267	98	382	175	312	196	281	188	261	257	351	207	309	76	380	170	223	149	630	179	168	56	1332	21	375	0	0	0	85	422	0	0	12	611	0	0	0	0	253	37	1559	70	0	0	0	0	801	37	0	84	0	143	467	0	0	329	0	0	72	109	50	52	8	12	53	77	0	0	31	90	13	50	0	98	5	0	0	0	34	139	188	294	7	0	0	0	57	83	13	0	0	11	66	196	0	45	132	114	123	165
d86d37226c841783ab53e2fd9ba1971a	198	245	289	347	26	347	1062	316	474	208	885	347	646	752	257	245	436	501	606	2177	562	171	419	442	454	264	746	375	507	147	749	441	743	773	267	124	1342	316	211	77	630	260	400	389	296	191	787	454	524	387	477	170	433	85	746	332	684	399	1529	236	434	194	2500	223	1372	140	0	123	227	199	141	409	124	1523	9	8	7	67	236	67	4341	201	0	0	23	7	2996	201	606	6	0	288	1436	269	188	379	105	0	137	181	521	256	318	59	685	221	51	42	51	155	0	105	58	317	56	40	32	48	177	55	1210	811	0	75	39	54	570	907	0	44	23	45	843	528	316	328	1071	571	679	503
e2dd4afb7ac613e0834247a15170b8f9	100	105	122	171	0	259	533	211	336	108	663	199	398	542	194	145	221	255	360	1026	470	110	316	230	295	113	439	148	310	62	466	265	414	306	198	69	971	225	165	46	463	119	216	189	149	76	450	205	226	149	288	99	215	54	474	156	390	250	736	126	161	86	2086	81	1121	0	0	96	0	129	0	206	0	636	0	0	0	0	117	0	2562	79	202	0	0	0	2142	192	0	0	0	395	885	0	129	179	543	0	166	0	446	219	210	0	512	138	0	0	37	65	119	93	0	106	0	0	0	0	139	81	955	841	0	73	0	0	459	835	0	0	0	0	566	311	179	286	1035	553	455	237
afa5efc6d3274dba6d0deab16f67660d	0	0	0	0	0	0	0	0	0	0	632	13	9	0	0	0	625	463	0	0	12	5	0	0	0	0	0	0	0	0	0	5	0	0	0	0	9	8	6	0	479	301	9	0	0	0	0	0	0	0	6	0	606	192	949	463	8	0	4	0	0	38	0	0	0	0	0	0	0	0	36	0	0	0	0	0	0	33	0	0	4883	263	0	0	0	0	0	4	0	0	0	0	3810	844	218	777	0	0	0	0	0	41	10	0	0	4	0	0	0	0	26	0	0	5	0	0	0	0	0	0	1107	847	0	0	3	3	7	0	0	0	0	0	947	1517	329	399	0	0	0	5
43588bce9aa14685ac3861b78ea53288	11	17	7	79	0	12	107	59	38	66	109	12	128	133	54	26	39	21	28	635	59	21	33	32	21	9	218	112	83	25	47	31	152	153	32	14	71	49	58	17	44	36	26	25	49	30	115	58	36	47	35	20	56	21	165	80	32	28	277	63	8	11	119	15	53	65	0	0	55	116	0	0	0	351	0	0	0	0	58	0	788	70	0	0	0	0	442	56	212	0	0	0	155	0	122	58	0	0	29	0	10	6	33	0	0	14	0	7	17	21	0	9	7	43	0	0	0	0	13	37	34	133	0	0	0	0	5	133	3	0	0	39	0	46	19	15	17	65	32	71
c90a0af3b767e17927160cb10279356f	13	29	8	67	5	152	23	45	24	280	42	29	1028	421	845	17	160	234	16	1880	22	10	291	220	14	16	419	296	324	133	581	383	10	15	28	23	22	17	163	44	99	45	42	34	669	434	361	240	1203	1176	10	8	317	78	325	123	10	9	1141	289	0	4	0	0	0	0	0	0	0	424	0	0	0	0	0	0	0	0	0	0	0	0	0	0	0	0	0	0	6	0	0	0	0	0	28	466	0	0	0	0	0	10	0	0	0	0	0	0	26	110	0	30	0	5	0	0	0	0	0	0	0	0	0	47	0	0	0	0	0	0	0	0	0	0	0	0	0	0	0	0
fc69a452686f974a2073c96d214dde3e	166	289	250	276	20	678	626	266	873	660	526	221	149	535	451	8	295	515	722	930	1259	358	722	739	573	388	1018	645	1122	266	919	566	1219	997	843	540	1100	504	791	523	1012	194	1048	1243	582	396	662	710	361	325	35	21	621	118	735	406	1062	420	1324	454	0	2	44	17	0	0	0	6	59	518	0	0	9	1398	0	0	0	3	0	2	22	331	0	0	0	0	0	0	0	0	0	24	0	0	70	332	97	2	2	0	0	5	3	0	0	682	7	0	33	422	11	39	10	563	0	6	0	0	0	0	4	59	0	180	0	0	0	0	3	0	0	0	0	0	0	20	0	30	0	0
658a415841043db371f5b389effcdf9d	464	29	246	738	44	868	1067	3893	276	1173	1959	1030	1133	283	344	579	1319	144	1819	710	4257	10664	219	145	1960	10621	3159	13480	3650	6359	4016	10399	4262	12025	3312	11413	4801	11539	2203	6726	2840	19661	3008	15582	1323	9227	3246	10204	2071	20674	2223	5700	5064	2333	2814	11400	3651	9493	6023	6125	21	55	13	89	7	29	340	105	2595	19613	15	2100	343	19973	105	92	9	48	21	3	7	1269	9	0	9	22	5	27	70	600	9	182	16	10	422	5607	330	682	10	0	15	80	27	0	16	10920	56	33	605	9327	166	2074	71	4945	39	166	12	38	23	43	22	281	22	804	17	24	14	11	9	18	4	59	22	48	0	219	35	1177	6	18
26cc5f505c154dc50f11f0638c69f49e	30	71	3	145	12	6	11	452	92	133	55	15	9	98	240	39	60	6	63	322	186	162	283	407	9	10	303	454	169	182	9	16	18	17	396	588	39	282	62	70	8	104	36	199	10	23	168	392	18	180	33	35	23	16	29	41	102	189	188	341	0	0	0	0	0	0	0	0	68	382	0	15	0	0	0	0	0	0	0	0	0	122	0	0	0	0	0	0	0	0	0	0	0	0	11	160	25	0	0	0	0	10	0	0	0	0	0	0	17	197	0	0	0	19	0	0	0	2	0	0	0	4	0	39	0	0	0	0	0	0	0	0	2	0	0	0	0	15	0	0
259a7bf6505ad5e5a82c73d889941542	8	0	0	0	0	0	15	11	0	13	12	13	10	12	0	0	10	0	5	9	13	12	13	9	9	0	19	13	0	0	0	0	11	116	24	10	15	12	0	0	11	4	22	18	0	0	17	13	6	13	14	0	14	0	0	7	15	8	13	0	16	99	9	16	15	8	30	7	16	18	38	0	9	20	16	58	17	52	22	5161	13	0	7	5	9	13	0	22	36	22	0	17	14	26	0	10	23	22	11	0	19	90	20	12	17	21	28	10	12	32	24	24	27	23	33	36	20	33	19	0	22	23	0	25	24	48	13	33	0	22	4	42	25	33	5	203	19	13	7	26
77a53d48dd509b56ec8597edea3172ef	12	0	4	21	0	3	76	0	35	105	52	0	0	74	32	0	32	24	47	84	29	9	12	7	11	7	25	10	70	22	0	0	22	11	0	0	38	7	29	22	25	0	0	3	0	0	11	9	4	8	0	0	19	4	15	11	25	9	30	19	0	0	14	0	0	0	0	0	0	9	0	0	0	19	0	0	0	0	0	0	0	0	0	0	0	0	18	0	0	0	0	0	0	0	0	0	0	0	0	0	0	0	0	0	0	8	0	0	0	8	0	0	0	11	0	0	0	0	0	0	10	3	0	0	0	0	0	0	0	0	0	0	0	0	0	0	6	0	0	0
0cc0d0f767cb1a7ff0d1e4b7e3e22c0c	9	14	0	5	0	5	27	47	2	29	42	87	24	20	16	41	27	20	21	23	40	19	33	25	6	0	13	0	0	7	0	5	13	10	10	7	0	6	21	16	26	4	32	20	4	4	10	22	8	12	33	34	13	0	21	24	15	0	42	10	51	0	35	0	0	0	0	0	7	3	0	0	0	10	0	0	0	0	32	0	22	41	0	0	0	0	29	0	0	0	0	0	3	11	0	13	0	0	0	0	0	0	0	0	3	0	0	0	0	0	0	0	0	0	0	0	0	0	0	0	0	5	0	12	0	0	0	0	0	0	0	0	16	15	0	0	2	0	0	4
d440d3052851bb98daaf7f8381afbb3d	7	10	4	3	0	9	19	95	8	26	8	103	79	24	0	3	17	10	13	34	18	6	47	38	15	10	7	0	22	3	14	13	6	4	19	13	26	5	12	7	4	0	117	79	100	72	10	6	0	0	12	9	24	0	5	3	11	4	136	59	0	0	0	0	0	0	0	0	0	0	0	0	0	0	0	0	0	0	0	0	0	0	0	0	0	0	6	0	0	0	0	0	0	0	0	0	0	0	0	0	2	0	0	0	2	32	0	0	0	0	3	0	0	0	0	0	0	0	2	0	0	0	0	16	0	0	0	0	0	0	0	0	0	0	0	0	0	0	0	10
0d4c05022f84f52efaf413f3b6ea56dc	0	16	0	0	0	0	0	11	0	0	15	0	10	0	9	0	0	0	18	0	0	10	0	0	0	0	0	0	0	9	0	8	0	43	9	7	10	17	9	9	15	0	5	0	9	12	12	0	0	7	11	0	13	0	0	5	0	16	13	11	7	41	38	8	0	0	56	0	6	6	118	10	7	10	10	0	0	16	10	2332	0	0	0	0	0	8	12	6	13	0	0	0	14	0	19	0	0	16	0	5	10	52	256	0	0	12	31	7	85	26	13	0	17	13	22	13	0	21	0	0	0	0	0	17	0	19	16	12	11	0	0	21	11	0	223	118	14	5	0	0
5def5d3e4217af0c66de1e25dee190b4	26	34	22	16	0	27	53	39	23	159	352	61	3431	35	22	17	38	26	1228	57	56	29	42	29	30	20	50	44	27	13	25	43	40	62	36	23	67	38	1073	466	88	35	23	59	7286	2360	27	31	23	50	52	18	35	10	35	31	420	397	37	19	34	636	42	1319	8	62	77	111	17	31	24	294	298	81	29	13	16	9	3424	257	1860	19	150	175	83216	33374	26	41	810	0	15	21	34	26	8	14	4289	357	4	0	130	1719	203	55	147	407	190	245	62	169	164	690	282	298	188	249	97	212	3337	4062	552	667	134	203	34019	65723	117	201	65	182	40	258	189	177	49	182	11449	3247	71	114
8c8b5c97efa94771f04fe65a08450ff4	800	1233	749	1638	49	1213	1911	4460	2807	1087	2071	3101	2076	5351	1077	660	2434	2312	2315	2488	1825	698	1623	1202	1224	616	1193	458	614	214	512	342	1550	1514	912	643	1501	453	1508	618	1267	247	784	674	308	109	1155	532	634	278	1206	652	1498	298	714	389	1398	980	498	273	9383	846	7393	319	1160	497	9835	127	884	566	3162	2923	509	3312	9016	380	3563	572	2833	922	5739	425	356	106	179	0	4783	1045	2016	98	4114	4329	15247	8627	118	314	1293	492	553	101	4710	832	6918	245	3753	590	7706	203	515	392	488	443	11309	2308	7526	4346	2920	3455	1957	1065	5270	2127	5602	3186	304	372	4095	2630	1251	105	1886	5096	6471	5878	1315	946	3526	655	830	465
f8003de140133574fe07d789b9f501f1	3722	5809	3497	7819	228	5585	8685	21198	13404	5183	9345	13973	9710	24729	5331	2926	11287	10725	10588	11638	8404	3500	7384	5554	5689	2611	5301	2013	2718	963	2445	1418	7404	7043	4234	2983	6931	1973	6659	2658	5835	1138	3428	2920	1430	498	5098	2304	2802	1366	5584	2929	6556	1452	3073	1596	6535	4419	2119	1319	43459	4351	32980	1894	4416	2762	44119	923	4060	2534	17233	14128	1968	14605	40814	3622	16326	1862	13618	4954	27499	2681	1277	319	1062	114	21223	4348	6098	476	17918	21487	67905	39452	879	1849	5226	1428	2540	915	20999	3977	31281	1126	16227	2400	34007	969	2226	1721	2091	2116	51283	9284	33998	19600	13009	13476	9072	4565	22720	9691	25068	14353	1314	1964	18797	11687	5473	753	8136	23448	28949	25283	5535	3974	15508	3160	3651	1642
ca46b8ca5f06868dcb2a54e87100d77c	0	0	0	6	0	0	9	7	10	0	0	0	7	6	0	0	6	0	0	0	9	12	8	0	4	0	0	14	5	0	0	0	7	59	10	8	14	8	8	0	5	0	17	0	6	0	7	5	0	9	16	0	0	0	6	6	0	0	4	6	12	95	18	23	9	10	17	7	13	15	27	7	14	6	30	59	12	57	19	4369	0	7	8	2	15	14	8	21	23	24	0	12	20	10	3	7	17	21	7	0	0	86	11	7	15	21	23	6	6	11	16	10	31	17	23	31	11	21	0	7	13	12	16	17	14	37	9	19	4	17	0	30	30	31	0	184	0	9	5	8
b28af6f3e03eae416cdd3d9af369818f	0	0	10	0	0	0	16	10	0	0	0	14	0	0	0	0	0	0	0	0	0	8	0	0	0	17	0	11	12	0	9	0	19	73	9	0	15	19	8	0	0	0	14	16	0	6	0	0	10	11	11	5	10	0	0	10	9	0	11	10	9	70	0	12	0	10	13	9	12	15	16	6	7	9	15	78	0	23	16	3261	8	6	0	0	0	9	7	14	16	11	11	6	14	13	4	0	11	0	0	0	0	85	22	8	0	21	0	9	0	27	19	19	22	28	17	22	11	31	0	12	13	17	10	26	9	22	0	25	0	23	0	38	15	32	0	143	18	14	0	14
73882db41c2dd97fbdd1bbdb60935efa	6	0	0	0	0	14	7	12	0	0	4	16	7	0	6	0	0	7	0	9	9	0	6	5	7	0	11	9	5	5	0	0	6	110	10	0	15	11	8	7	8	5	8	0	4	0	0	7	5	15	9	4	0	0	0	5	16	10	6	5	6	75	26	15	6	0	45	77	0	21	0	140	6	15	12	147	11	173	22	4082	0	9	120	3	10	6	0	6	70	173	7	42	17	64	0	8	174	56	0	0	10	77	19	15	14	23	17	9	6	20	22	15	25	20	11	25	15	40	0	13	11	15	13	24	15	31	0	0	9	67	4	23	12	16	5	199	19	14	0	0
3d399e3129403d075f7a6b59b7c28e60	15	35	47	19	0	0	7	57	41	102	65	30	11	36	78	0	24	14	50	95	68	39	126	175	83	51	69	99	19	17	0	0	0	11	41	59	17	80	64	83	13	56	30	166	7	17	52	78	11	82	0	0	31	13	57	49	45	58	47	49	0	0	0	0	0	0	0	0	0	49	0	0	0	0	0	0	0	0	0	0	0	71	0	0	0	0	0	0	0	0	0	7	0	0	0	23	0	0	0	0	0	0	0	0	0	122	0	0	0	27	0	0	0	0	0	0	0	0	0	0	0	0	0	14	0	0	0	0	0	0	0	0	0	0	0	0	0	0	0	0
f4b7f5b0d215ea83535c9e43f0864c83	0	0	0	0	0	0	0	0	0	0	0	0	0	0	4	0	0	0	7	4	7	0	24	15	0	0	14	20	11	10	0	0	0	0	0	0	0	19	0	0	0	0	0	0	0	6	0	11	0	20	0	0	4	0	13	11	15	26	7	17	0	0	0	0	0	0	0	0	0	30	0	2	0	0	0	0	0	0	0	0	0	0	0	0	0	0	0	0	0	0	0	0	0	0	0	0	0	0	0	0	0	0	0	0	0	0	0	0	0	12	0	3	0	6	0	0	0	0	0	0	0	0	0	0	0	0	0	0	0	0	0	0	0	0	0	0	0	0	0	0
b7ded6d28cd0e1bcfd29dd9ff293b725	24	20	21	67	6	376	0	65	40	0	105	29	35	21	54	111	36	31	157	52	113	70	66	47	74	45	135	149	252	177	357	609	11	12	104	229	40	163	12	0	18	159	28	201	12	112	19	30	17	129	196	228	61	21	183	217	161	278	57	64	0	0	0	0	0	0	0	0	96	515	0	0	4	3	0	0	0	0	0	0	0	172	0	0	0	0	0	0	0	0	0	0	0	0	30	303	0	0	0	0	0	6	0	0	0	115	0	0	56	284	0	27	0	10	0	0	0	0	0	0	0	7	0	25	0	0	0	0	0	0	0	0	4	0	0	14	4	13	0	2
4b7cf4ae9a6ef34b1d9b0d5acdb11bbf	11	11	11	0	0	31	16	24	37	7	39	30	36	24	24	19	15	13	7	97	59	6	0	0	0	0	5	4	7	3	46	35	0	0	17	13	23	26	0	0	16	13	24	15	9	8	8	12	13	6	20	27	7	0	37	15	7	7	65	68	0	0	0	8	0	0	0	0	0	7	0	0	0	0	0	0	0	0	0	0	0	0	0	0	0	0	5	0	0	0	0	3	5	90	0	40	0	0	3	0	3537	53180	1332	1159	2938	4644	5990	1767	5864	5922	35594	21971	554	800	2022	31409	9926	57723	159	186	1474	25602	4242	31534	1004	8909	2458	25127	12378	53345	1140	28231	1480	1438	1822	39648	1772	4440	3162	37303
0412b74ab7756afc899e0045746e7c0d	39	23	19	21	0	31	53	57	17	393	0	37	29	18	0	21	29	89	34	50	105	23	45	29	27	23	62	46	60	26	51	33	69	73	86	68	270	124	684	248	0	0	42	28	73	38	61	38	0	0	46	24	77	10	168	66	31	13	141	28	0	0	0	0	0	0	0	0	45	66	0	26	0	129	0	0	0	0	0	0	0	0	0	0	0	0	9	0	0	0	0	6	0	16	0	65	0	0	0	0	0	0	0	0	0	71	0	0	5	37	0	0	0	85	0	0	0	0	0	0	0	0	0	13	0	0	0	0	0	0	0	0	0	0	0	0	0	0	0	0
1769df382849999ba065034838e27c6b	0	0	0	3	0	0	0	0	0	0	0	8	0	0	0	0	0	0	0	0	0	0	7	0	11	12	34	19	10	6	0	0	0	0	0	0	0	0	0	0	0	0	0	0	0	0	0	0	0	0	15	7	0	0	0	0	0	0	0	0	0	0	0	0	0	0	0	0	0	16	0	5	0	0	0	0	0	0	0	0	0	0	0	0	0	0	0	0	0	0	0	0	0	0	0	0	0	0	0	0	0	0	0	0	0	41	0	0	0	0	0	0	0	0	0	0	0	0	0	0	0	0	0	0	0	0	0	0	0	0	0	0	0	0	0	0	0	0	0	0
1bba2b650c8ba56422faef38861e1206	5	0	0	0	0	0	0	0	0	0	0	0	0	15	6	0	7	0	0	0	11	0	0	0	0	0	0	0	0	0	0	0	0	0	0	0	33	15	0	0	0	0	0	0	0	0	25	14	12	10	0	0	18	7	0	0	0	0	0	0	0	0	0	0	0	0	0	0	0	0	0	0	0	0	0	0	0	0	0	0	0	0	0	0	0	0	0	3	0	0	0	0	0	0	0	0	0	0	0	0	0	0	0	0	0	0	0	0	0	0	0	0	0	0	0	0	0	0	0	0	0	0	0	0	0	0	0	0	0	0	0	0	0	0	0	0	0	0	0	0
1d1883c617fe91ed89fb52b09ae6f4d5	69	36	31	0	0	36	132	28	65	0	0	45	25	27	0	0	53	40	20	90	99	41	37	48	42	41	0	0	49	26	62	43	42	46	31	25	58	56	0	0	0	0	35	36	82	44	38	51	0	0	0	0	78	19	101	75	13	0	212	150	0	0	0	0	0	15	0	0	43	72	0	0	0	101	0	0	0	0	0	0	0	0	0	0	0	0	0	82	0	0	0	0	0	0	11	107	0	0	0	0	0	0	0	0	0	20	0	0	0	25	0	0	0	44	0	0	0	0	0	0	0	0	0	12	0	0	0	9	0	0	0	0	0	0	0	0	0	0	0	0
34bf0277618ca25ea5b63a884e763bb8	245	262	276	115	18	518	251	535	146	301	286	84	328	206	84	120	214	292	74	213	357	146	206	139	293	358	252	199	283	86	455	437	204	145	556	372	758	366	423	123	224	88	50	66	223	182	162	81	172	200	405	97	283	77	235	165	136	91	466	160	0	0	233	14	14	5	0	0	0	171	0	49	0	249	0	0	0	0	10	0	28	18	0	0	0	0	76	39	0	0	0	35	23	0	54	96	0	0	0	0	0	37	58	0	54	291	0	3	9	124	85	44	19	173	0	0	0	0	22	15	18	26	0	16	4	0	8	0	0	0	0	6	24	0	11	28	6	12	12	0
3616c33e5e7be30af155be51481aeaf6	0	0	0	0	0	0	0	18	0	57	0	0	0	0	0	0	0	0	0	35	0	0	0	0	27	0	0	0	0	0	0	35	0	0	42	20	0	30	70	39	0	0	0	0	0	0	16	20	0	0	0	0	30	9	0	0	36	0	77	30	0	0	0	0	0	0	0	0	0	0	0	0	0	0	0	0	0	0	22	24	0	0	0	0	0	0	0	0	0	0	0	0	0	0	0	0	0	0	0	0	0	0	0	0	0	0	0	0	0	0	0	0	0	0	0	0	0	0	0	0	0	0	0	0	0	0	0	0	0	0	0	0	0	0	0	0	0	0	0	0
394ef72c7c5ab33a8431676dafd07ce2	15	20	29	0	0	14	33	16	14	9	0	13	0	10	13	23	11	0	44	43	44	18	79	44	52	28	0	0	0	0	21	15	87	62	68	61	54	72	89	17	0	0	52	47	0	16	68	42	0	30	47	0	40	0	84	26	74	22	69	16	0	0	0	0	0	0	0	0	0	0	0	0	0	112	0	0	0	0	0	0	0	19	0	0	0	0	20	0	0	0	0	0	0	0	41	0	153	0	0	0	0	0	0	0	0	72	0	0	0	0	0	0	0	65	0	0	0	0	0	0	0	0	0	0	0	0	0	0	0	0	0	0	0	0	0	10	18	6	0	0
47a11bc6578a7bfca40fc314be966e5c	38	54	18	11	5	38	98	74	0	129	98	84	19	23	22	81	33	86	94	42	68	33	102	82	32	25	49	28	148	43	49	27	80	71	201	106	109	55	248	101	208	56	92	73	70	39	52	41	48	53	349	119	64	24	107	69	108	73	137	44	0	0	0	0	0	0	0	0	46	153	0	16	38	167	0	0	0	0	28	12	60	9	0	0	0	0	0	0	0	0	0	0	0	0	7	35	0	0	0	0	0	0	3	0	0	46	0	0	14	70	0	0	0	37	0	0	0	0	0	47	0	6	0	3	0	0	0	0	0	0	0	0	5	0	0	9	7	10	0	0
6095551f50c6b1d00e16a6e9ec9fe0d7	42	12	21	0	0	29	149	24	20	0	117	71	31	30	42	31	63	52	110	97	88	54	27	17	39	53	19	0	0	0	41	44	92	111	77	78	144	88	0	0	170	91	211	263	104	81	175	183	304	361	155	94	128	43	220	232	310	240	352	199	0	0	0	0	0	0	0	0	10	0	0	83	159	219	0	0	0	0	0	0	91	69	0	0	0	0	71	9	0	36	0	0	0	0	44	88	122	320	22	0	0	0	0	0	0	219	9	0	0	0	19	0	13	65	0	0	0	0	0	0	0	0	0	73	0	0	0	0	0	0	0	0	0	0	0	0	19	7	5	0
6aad389fabc05c13cc238c3cf2bda6c0	31	0	0	0	0	0	154	0	0	0	0	0	95	93	46	47	0	91	0	108	38	19	0	0	0	0	0	10	0	0	0	0	109	99	0	0	0	0	0	0	0	0	0	0	49	63	137	76	73	118	160	66	0	0	145	76	0	0	281	129	0	0	0	0	0	0	0	0	62	0	0	0	0	156	0	0	0	0	0	0	0	0	0	0	7	0	67	20	0	0	0	0	0	0	0	88	0	0	0	0	11	0	0	0	0	0	0	0	0	0	0	0	0	67	0	0	0	0	0	0	0	0	0	0	0	0	0	7	0	0	0	0	0	0	0	41	0	0	6	0
73c1f89cabd247f76eba923f3b70b2c1	26	0	460	109	0	0	58	0	0	0	16	0	79	63	0	0	37	0	0	0	172	58	43	0	1027	904	1147	845	455	212	0	0	72	100	0	46	76	54	0	28	0	30	0	42	517	267	317	207	28	45	73	41	86	23	50	35	26	30	76	30	0	0	0	37	0	12	0	164	165	765	0	199	0	263	0	0	0	0	0	0	0	0	0	0	0	0	0	0	0	169	0	0	0	0	0	0	0	113	0	25	0	0	0	12	59	1243	31	0	137	279	0	0	25	149	0	0	0	0	0	0	0	0	0	7	0	0	0	0	0	0	0	0	0	0	0	13	0	13	0	0
78c0b691e9948f5a60472b2be9d7056f	50	58	49	15	0	110	121	85	27	50	64	138	0	0	0	0	0	51	104	0	103	37	124	85	80	75	124	72	106	43	141	79	59	59	166	123	316	131	105	28	87	25	32	27	0	4	0	9	0	9	0	9	10	0	79	55	61	48	0	0	0	0	0	11	0	0	0	0	12	145	0	22	0	83	0	0	0	0	0	0	0	0	0	0	0	0	0	0	0	0	0	0	0	0	0	36	0	0	0	0	0	0	8	0	8	72	0	0	0	78	0	9	0	28	0	0	0	0	0	0	0	0	0	8	0	0	0	0	0	0	0	0	0	0	0	0	0	0	0	0
881208da6fa56fb78f2d63d77276e8ea	34	0	0	18	0	49	66	0	0	0	0	73	0	25	0	25	0	0	81	0	63	0	0	0	0	28	49	40	0	0	0	0	0	44	0	30	76	66	0	0	0	0	54	0	50	48	0	0	0	0	52	0	0	0	46	0	80	64	101	66	0	8	0	0	0	0	0	0	0	0	0	0	0	89	0	0	0	0	0	0	0	0	0	0	0	0	77	0	0	0	0	0	0	0	29	12	0	0	0	0	0	0	0	0	0	0	0	0	0	0	0	0	0	64	0	0	0	0	0	0	0	0	0	0	0	0	0	0	0	0	0	0	0	0	0	0	25	0	0	0
91906c7e65ecb8b42499aa2c86faf944	9	0	14	14	0	100	10	45	23	0	7	20	12	4	0	0	16	0	25	0	70	34	0	0	33	40	102	70	173	94	48	41	54	57	194	162	40	98	0	5	10	22	146	184	25	33	49	66	0	0	8	0	63	16	0	0	101	78	13	0	0	0	0	0	0	0	0	0	0	306	0	0	0	73	0	0	0	0	0	0	0	0	0	0	0	0	0	0	0	0	0	10	0	0	0	0	0	0	0	0	0	0	0	0	0	37	0	0	33	105	0	0	3	25	0	0	0	0	0	0	0	0	0	28	0	0	0	0	0	0	0	0	0	0	0	0	0	0	0	0
9932ab474f1ddea0ae8865b176ed2c0f	0	0	35	0	0	12	29	0	15	0	0	0	0	0	0	0	0	0	0	0	0	0	0	0	63	61	0	0	0	0	0	0	159	125	0	0	41	49	0	0	0	0	0	0	0	0	0	0	0	0	0	0	0	0	169	63	0	0	0	0	0	0	0	0	0	0	0	0	51	0	0	0	0	244	0	0	0	0	0	0	0	0	0	0	0	0	0	0	0	0	0	0	0	0	0	128	0	0	0	0	0	0	0	0	8	63	5	0	0	4	0	0	7	64	0	0	0	0	0	0	0	0	0	0	0	0	0	0	0	0	0	0	0	0	0	0	0	0	0	0
9abd5e4382d86bfc4f5f6eff28933d3d	0	0	0	12	0	33	0	39	0	0	0	0	0	0	0	0	0	0	0	0	0	0	0	0	0	0	42	36	56	35	21	29	0	0	30	6	0	0	0	0	0	0	0	0	0	0	0	0	0	0	0	0	0	0	0	0	0	0	0	0	0	0	0	0	0	0	0	0	0	77	0	0	0	0	0	0	0	0	0	0	0	0	0	0	0	0	0	0	0	0	0	0	0	0	0	0	0	0	0	0	0	0	0	0	0	0	0	0	7	43	0	0	0	0	0	0	0	0	0	0	0	0	0	0	0	0	0	0	0	0	0	0	0	0	0	0	0	0	0	0
9d9cce59f55f5ad46eaaaf360e0b1ec6	0	0	15	7	0	0	0	0	0	0	0	42	0	0	4	0	0	0	0	0	0	0	0	0	11	21	30	21	0	0	0	0	0	0	0	0	0	0	0	0	0	0	36	30	0	0	0	0	5	14	17	7	0	0	0	0	0	0	0	0	0	0	0	0	0	0	0	0	0	0	0	0	0	0	0	0	0	0	0	0	0	0	0	0	0	0	18	0	0	0	0	0	0	0	0	0	0	0	0	0	0	0	0	0	49	47	0	0	0	0	0	0	0	0	0	0	0	0	0	0	0	0	0	0	0	0	0	0	0	0	0	0	0	0	0	0	0	0	0	0
ad75c0e56de545cb0ab128cb0ab9846a	16	34	24	16	0	47	85	58	16	0	74	60	31	25	11	26	32	26	42	23	61	22	67	47	35	27	68	28	56	26	56	29	51	53	78	48	64	42	0	0	38	21	64	64	36	29	49	51	24	33	77	34	45	13	65	48	64	37	115	48	0	0	10	0	13	14	0	0	37	54	0	26	0	121	0	0	0	0	0	0	38	5	0	0	0	0	34	54	0	0	0	0	0	0	0	184	0	29	0	0	0	0	0	0	0	17	0	0	8	6	0	0	6	28	0	0	0	0	0	0	0	0	0	0	0	0	0	0	0	0	0	0	0	0	0	4	0	7	0	0
aed6794ad885138c4236be296bdbb42d	10	17	18	10	0	45	35	0	10	0	64	31	17	0	19	29	27	0	43	0	40	24	40	18	0	25	44	29	25	11	56	0	39	27	0	0	40	0	0	0	35	16	37	38	24	19	17	0	19	22	62	25	0	0	31	29	0	33	0	0	0	0	0	0	6	0	0	0	9	37	27	0	0	81	0	0	0	0	0	0	39	75	0	0	0	0	55	0	0	0	0	0	0	0	0	0	0	0	0	0	0	0	0	0	0	0	0	0	0	14	0	0	0	0	0	0	0	0	0	0	0	0	0	0	0	0	0	0	0	0	0	0	0	0	0	0	0	0	0	0
b19b12db3ed349c79dd7ff2f66911ff0	133	43	22	38	0	28	68	8	18	87	196	0	25	8	0	89	37	0	51	64	297	167	166	118	49	33	90	81	33	13	56	41	69	77	53	63	18	94	149	72	17	127	12	9	20	38	33	48	6	6	201	134	158	40	136	46	108	89	102	38	10	0	14	5	0	0	0	0	27	69	0	103	0	131	0	0	0	0	0	0	85	108	0	0	0	0	38	16	0	0	0	66	12	46	26	211	0	7	0	0	3	0	16	0	0	50	0	0	0	31	0	14	0	95	0	0	0	0	0	11	19	18	0	0	0	0	0	0	0	3	0	0	25	9	0	0	0	0	0	0
b4f32c9e4cddf3d9b1f26cef2c073d3e	185	155	66	35	17	161	113	46	59	59	85	74	18	33	25	34	82	70	115	115	166	76	185	212	114	191	239	228	198	135	203	283	118	124	154	220	180	131	74	74	115	49	54	79	75	78	84	86	158	201	236	108	142	41	226	237	220	205	387	213	0	8	160	0	56	54	0	9	290	372	0	166	123	241	0	0	0	0	0	0	20	38	0	0	0	0	59	0	0	0	0	0	28	0	106	60	163	0	0	0	0	12	41	0	33	1055	12	0	100	430	135	118	16	111	0	0	0	0	0	0	5	15	0	0	0	0	11	0	6	0	0	0	30	0	15	33	91	32	25	17
b54479533db5fbd055d55e9524f03f8e	0	60	52	13	4	99	16	63	0	44	10	0	30	0	60	7	0	0	0	0	0	0	65	90	56	62	55	68	71	65	64	75	35	19	47	98	0	0	24	45	0	0	54	45	10	71	7	0	0	80	0	8	30	3	35	0	0	0	8	0	0	0	115	0	33	0	0	0	0	145	0	44	0	37	0	0	0	0	0	0	0	0	15	0	0	0	0	0	0	0	0	0	8	0	0	14	0	0	0	0	0	0	223	0	0	519	0	0	0	669	15	101	0	0	0	0	0	6	0	0	0	0	0	0	0	0	4	0	0	4	0	0	0	0	0	10	0	0	0	0
b856825e3e8fa2a9a867a8391c77c92a	9	26	0	0	0	0	41	0	9	0	10	0	14	0	0	0	15	0	7	0	14	11	28	58	0	0	0	0	0	0	0	0	32	58	0	0	106	50	0	0	9	0	0	0	29	15	0	0	0	0	0	0	14	3	17	11	18	5	0	0	0	0	0	0	0	0	0	0	28	0	0	0	43	64	0	0	0	0	0	0	0	0	0	0	0	0	0	0	0	0	0	0	0	0	4	0	0	0	0	0	0	0	0	0	0	0	0	0	0	0	0	0	0	27	0	0	0	0	0	0	0	0	0	0	0	0	0	0	0	0	0	0	0	0	0	0	0	0	0	0
c005f0c5f378d00de7d1247cfff924fc	19	7	0	0	0	0	20	0	0	0	0	0	18	15	0	0	12	19	0	13	29	14	26	15	0	0	0	0	21	7	0	0	26	12	0	0	27	23	0	0	0	0	0	0	25	0	17	0	0	0	0	0	11	0	22	16	0	0	35	12	38	0	110	75	0	0	0	0	9	21	0	14	0	62	0	0	0	0	0	0	0	0	0	0	0	0	40	0	0	0	0	0	9	0	0	0	0	0	0	0	0	16	0	0	0	0	0	0	0	15	0	12	0	0	0	0	0	0	0	0	0	0	0	0	0	0	4	36	0	0	0	0	8	0	0	0	0	0	0	0
c772953cbb0dcb2197ceafaa9786c7b9	0	0	0	0	0	69	0	0	0	0	0	0	0	24	0	0	18	10	0	0	0	0	0	54	0	48	32	58	40	38	43	47	0	0	0	73	0	0	0	36	0	0	0	0	0	43	0	11	0	51	14	0	0	0	0	14	0	0	0	0	0	0	130	4	0	5	0	0	30	124	0	0	0	0	0	0	0	0	0	0	0	0	0	0	0	0	26	0	0	0	0	0	0	8	0	0	0	0	0	0	0	6	118	0	14	351	0	0	13	459	0	0	0	28	0	0	0	0	13	19	0	0	0	16	0	0	0	0	0	0	0	0	0	0	0	0	0	0	0	0
ce89b699a5fe566492d1fc2abb89cd06	9	11	14	10	0	14	16	0	0	0	0	0	0	0	0	0	0	0	0	0	19	10	7	7	15	10	53	35	33	29	23	12	11	11	14	10	22	18	0	0	0	0	0	0	0	0	0	0	0	0	0	0	12	0	0	0	0	0	0	0	0	0	0	0	0	0	0	0	0	57	0	0	0	35	0	0	0	0	0	0	0	0	0	0	0	0	0	0	0	0	0	0	0	0	0	0	0	0	0	0	0	0	0	0	0	14	0	0	17	14	0	0	0	0	0	0	0	0	0	0	0	0	0	0	0	0	0	0	0	0	0	0	0	0	0	0	0	0	0	0
ceaa352d74a5209958a7fb33c54bd092	26	0	10	0	0	11	35	12	16	0	0	8	14	0	0	0	16	9	0	35	32	15	20	13	12	0	0	0	17	0	13	14	18	28	8	0	24	33	0	0	0	0	0	15	25	14	19	15	0	0	0	0	28	0	33	23	12	0	66	57	0	0	0	0	0	0	0	0	0	0	0	23	0	45	0	0	0	0	0	0	0	0	0	0	0	0	0	0	0	0	0	0	0	0	0	15	0	0	0	0	0	0	0	0	0	16	0	0	0	0	0	0	0	19	0	0	0	0	0	0	0	0	0	0	0	0	0	0	0	0	0	0	0	0	0	0	0	0	0	0
d0fc9bc07285f9e646432d5c195dc748	0	0	0	0	0	0	48	0	0	0	0	0	46	35	0	23	0	42	0	32	0	0	0	0	0	0	0	0	0	0	0	0	39	49	0	0	0	0	0	0	0	0	0	0	19	0	38	34	27	39	56	0	0	0	33	22	0	0	90	42	0	0	0	0	0	0	0	0	0	0	0	0	0	53	0	0	0	0	0	0	0	0	0	0	0	0	58	0	0	0	0	0	0	0	0	0	0	0	0	0	0	0	0	0	0	0	0	0	0	0	0	0	0	0	0	0	0	0	0	0	0	0	0	0	0	0	0	0	0	0	0	0	0	0	0	0	0	0	0	0
de9693f00c2729ac9161e034c4710926	55	40	18	13	0	0	98	26	25	0	0	0	66	0	18	0	32	33	86	70	63	42	37	36	39	0	61	39	43	37	44	40	76	68	48	0	107	0	17	0	0	0	38	84	64	0	63	78	69	69	71	49	68	31	58	56	104	97	109	102	0	0	77	0	14	0	0	0	41	95	0	23	61	123	0	0	0	0	0	0	0	0	0	0	0	0	105	85	0	0	0	0	0	0	0	0	34	0	0	0	0	0	0	0	0	31	0	0	0	26	0	0	18	0	0	0	0	0	0	0	0	0	0	15	0	0	0	0	0	0	0	0	0	30	0	0	0	22	0	0
e2d5ef841dbbfab4892e51db9776003d	0	31	0	0	0	0	66	0	0	127	0	30	0	0	0	0	0	0	51	41	35	0	17	25	0	0	23	19	0	0	0	0	32	20	0	0	31	44	95	51	0	0	0	21	24	30	0	0	0	28	0	0	0	0	0	0	23	28	60	50	0	0	0	0	0	0	0	0	0	0	0	0	0	58	0	0	0	0	0	0	0	0	0	0	0	0	0	0	0	0	0	0	0	0	0	39	143	0	0	0	7	0	0	0	0	0	0	0	0	0	0	0	0	0	0	0	0	0	0	0	0	0	0	0	0	0	0	0	0	0	0	0	0	0	0	0	0	0	0	0
e4af83cc734f6a9d696de87fa98c7928	81	41	38	13	0	57	127	19	32	0	0	108	22	24	41	0	46	40	140	65	105	74	56	41	66	59	87	75	75	42	64	38	89	96	65	56	217	110	0	0	12	0	82	91	57	32	102	103	87	112	9	0	77	17	111	62	237	214	137	96	4	3	129	0	5	0	0	0	47	109	0	38	0	195	0	0	0	0	0	25	0	0	0	0	0	0	350	110	0	0	0	0	16	0	29	88	47	0	0	0	0	0	0	0	0	34	0	0	15	45	0	0	6	79	0	0	0	0	0	0	0	0	0	38	0	0	0	0	0	0	0	0	0	0	0	0	30	31	0	0
f5f5ce0452238ed27dbcba5fd792f4c3	67	85	19	48	0	52	174	27	65	406	0	47	100	26	50	21	24	33	151	155	54	51	51	68	18	16	56	59	14	8	37	43	84	102	18	19	94	111	290	167	0	8	55	62	57	46	38	40	59	105	37	25	17	0	49	31	68	84	208	174	0	3	42	6	0	0	107	0	0	28	0	0	0	164	0	0	0	0	18	36	0	0	0	0	0	0	0	0	0	0	0	0	0	0	0	0	0	0	0	0	0	0	6	0	0	18	0	0	0	12	0	0	0	75	0	0	0	0	11	24	0	0	0	7	0	0	6	0	0	0	0	0	0	0	0	0	26	17	0	0
4778af7c436c9231ee5b1faa20c054c4	115	227	191	87	15	319	261	19	64	18	0	239	83	278	82	92	103	193	239	196	247	81	593	371	325	160	404	164	265	101	627	442	253	253	20	32	366	151	21	0	0	16	494	382	179	72	425	243	166	173	343	92	175	47	445	254	340	151	562	190	20	8	343	0	51	16	0	0	64	174	0	41	62	390	0	0	0	0	0	0	0	0	0	0	0	0	717	68	79	36	0	26	0	0	49	122	40	0	0	57	0	11	11	0	60	183	10	0	84	69	21	0	14	106	0	0	0	0	0	0	0	0	0	86	0	0	6	0	0	0	0	0	8	0	0	18	5	4	0	16
fd7641cf059de28cdbb0136ac5dc499d	22	165	305	18	20	32	56	24	29	865	675	29	278	188	12	24	141	18	1104	113	55	42	141	151	224	402	142	140	213	108	41	37	48	43	47	46	60	63	852	841	470	166	53	69	395	466	419	315	31	47	109	49	256	73	59	47	738	548	503	145	0	26	700	79	336	228	57	0	11	187	0	158	250	18	0	0	0	0	318	208	286	71	0	0	6	13	1242	471	92	102	0	0	114	17	14	37	437	334	10	0	0	65	31	0	756	2016	20	14	65	172	20	51	28	118	16	20	14	22	1083	1198	195	143	0	22	12	0	74	60	8	15	0	18	386	22	0	50	443	220	83	17
0250b271977e527101b6a678c57bcd56	67	131	80	38	0	89	244	118	35	0	180	488	97	115	0	0	71	97	341	63	90	48	112	67	104	62	103	65	98	47	99	59	94	75	225	134	408	93	0	0	222	60	153	154	101	47	126	83	0	0	0	0	105	31	147	67	236	195	188	120	0	0	540	6	124	16	0	0	21	97	0	85	0	148	0	0	0	0	0	0	83	34	0	0	0	0	435	91	0	0	0	0	23	0	36	107	17	0	0	0	38	0	0	0	58	69	0	0	13	80	0	0	8	99	0	0	0	0	0	0	111	66	0	37	0	0	4	0	0	0	0	0	85	0	3	16	138	45	24	0
0f01c16f26d692240b06aa7e387d3160	3266	3071	1921	508	211	1720	5008	894	571	229	2802	5612	808	1977	724	702	1612	375	3252	1643	4276	1720	2247	1628	1838	1920	3162	2187	2911	1087	2193	1770	3400	2750	761	457	4651	2298	458	199	2771	998	4628	4138	1395	815	3334	2332	2791	2620	3028	999	2066	576	978	739	3132	2498	5666	2196	136	77	5775	226	535	1316	0	33	1023	2550	88	262	295	5487	0	0	0	16	24	85	224	505	51	0	0	0	2579	1499	0	0	0	751	291	72	153	438	157	0	192	39	160	99	284	0	996	1948	200	8	322	1495	220	117	325	2256	23	25	16	19	53	99	378	478	17	1033	12	21	161	218	13	28	6	30	745	53	12	122	413	249	179	54
3e75811428b84018c6e7efa117a19b7f	151	134	134	79	8	111	372	36	162	464	507	323	211	400	125	167	323	201	400	333	411	134	290	178	257	173	295	170	125	50	124	103	267	264	40	36	403	163	329	104	290	84	304	301	132	132	268	220	49	78	324	120	280	77	405	215	440	298	449	159	0	10	0	0	0	0	0	0	0	116	0	19	0	419	0	0	0	0	10	10	28	157	0	0	0	0	6	74	0	0	0	61	9	0	34	319	0	0	0	0	6	17	11	0	14	219	0	0	0	67	0	10	3	134	0	7	0	0	15	29	24	24	0	75	0	0	0	0	0	0	0	0	26	0	0	26	11	44	19	0
69cdd4a6590a33c7001ad4445a3a358b	0	37	34	17	5	30	0	0	14	0	0	0	0	0	0	0	13	0	0	0	16	0	41	23	70	42	167	128	107	40	8	0	0	0	0	0	79	73	0	0	0	0	0	0	0	0	0	0	0	0	0	0	43	12	0	0	0	0	0	0	0	0	0	0	0	0	0	0	16	142	0	0	0	0	0	0	0	0	0	0	0	0	0	0	0	0	0	0	0	0	0	0	0	0	0	13	0	0	0	0	0	0	0	0	0	100	0	0	24	51	0	0	0	0	0	0	0	0	0	0	0	0	0	0	0	0	0	0	0	0	0	0	0	0	0	0	0	0	0	0
a3091abfe4af2afce7e48b914d73fc9d	43	18	0	18	0	44	51	71	27	0	96	26	33	9	27	75	52	13	56	110	140	39	18	19	0	0	70	50	45	28	22	21	54	63	102	62	69	63	0	0	67	39	208	129	67	45	60	52	60	112	189	91	154	26	148	73	115	62	283	75	0	0	0	0	0	0	0	0	0	96	0	58	0	114	0	0	0	0	0	0	47	100	0	0	0	0	31	18	0	0	0	50	0	0	13	76	0	0	0	0	0	0	0	0	0	0	0	0	0	40	0	0	0	50	0	0	0	0	0	0	0	0	0	12	0	0	0	0	0	0	0	0	0	0	0	0	7	0	0	0
1451ad8f02adef43599b404f879882df	264	179	190	89	15	212	382	158	67	116	261	209	95	57	67	141	280	24	361	464	185	104	71	196	126	241	310	333	258	151	275	192	292	490	202	155	443	153	154	93	252	98	543	371	209	99	565	421	189	146	320	152	276	39	372	103	412	147	981	159	34	2	24	8	0	104	0	0	124	73	0	38	86	327	0	0	0	0	6	0	101	102	0	0	0	0	14	8	0	0	0	52	4	25	134	108	39	23	0	7	0	13	5	5	11	220	9	0	42	146	10	12	32	189	0	0	0	0	7	26	8	7	4	51	0	0	5	3	3	0	0	4	7	3	0	30	10	15	17	0
6d276685ac8cf004e4a6b09fdaf54813	0	6	0	0	0	0	0	0	0	0	11	0	8	0	0	0	0	0	0	0	0	0	5	10	0	0	0	0	8	0	7	7	0	0	0	0	8	0	0	11	7	3	0	0	36	47	7	0	0	0	0	0	0	0	0	0	0	0	0	0	0	0	0	0	0	0	0	0	0	20	0	7	0	11	0	0	0	0	0	0	0	0	0	0	0	0	0	0	0	0	0	0	0	0	0	0	16	0	0	0	0	0	0	0	0	0	0	0	0	36	0	0	0	0	0	0	0	0	0	0	0	0	0	0	0	0	0	0	0	4	0	0	0	0	0	0	0	0	0	0
2fff73f7e920ddd16a184f7b36317d98	45	44	28	27	0	0	91	80	23	116	249	40	21	19	22	24	22	25	57	38	97	46	53	49	54	32	110	56	57	23	0	0	66	78	93	62	50	22	158	54	195	77	65	60	38	20	45	29	53	51	57	23	30	13	105	39	77	56	83	21	0	0	0	0	0	10	0	0	5	72	0	0	0	117	0	0	0	0	0	0	15	127	0	0	9	0	7	0	0	0	0	0	0	0	0	20	0	0	0	0	0	0	26	0	0	52	0	0	0	19	0	0	0	28	0	0	0	0	0	0	9	25	0	26	0	0	0	0	0	0	0	0	0	0	0	0	9	0	0	0
3c8cf5c5f0d920d689c0dfe7870d4805	32	0	0	15	0	53	32	46	0	44	101	0	0	0	0	21	0	0	0	0	35	21	26	23	0	0	43	22	23	0	86	49	21	29	26	43	0	0	72	27	83	34	23	25	0	0	19	0	22	0	38	0	0	0	40	0	28	21	36	0	0	0	0	20	0	0	0	0	0	22	0	0	0	50	0	0	0	0	0	0	0	81	0	0	0	0	0	0	0	0	0	0	0	0	0	66	0	0	0	0	0	0	0	0	0	0	0	0	0	14	0	0	0	0	0	0	0	0	0	21	0	0	0	0	0	0	0	0	0	0	0	0	0	0	0	0	0	13	0	0
63824defa05bc0d1c9615d56be49d50b	0	10	22	0	0	12	25	12	13	11	51	27	18	0	9	11	24	16	16	28	21	8	27	20	24	26	31	10	18	12	17	9	27	24	10	8	21	33	43	17	11	13	24	21	16	17	27	15	0	30	21	17	24	5	20	15	16	9	57	24	0	0	0	0	0	15	0	0	0	27	0	0	0	51	0	0	0	0	0	0	25	22	0	0	0	0	11	0	0	0	0	0	0	0	0	0	0	0	0	0	0	0	4	0	13	24	0	0	13	0	0	0	0	27	0	0	0	0	0	0	0	7	0	0	0	0	0	16	0	0	0	0	6	0	0	0	0	0	0	0
9582103d2308a5094b1fa806ecd0e674	0	35	24	0	0	0	90	0	18	93	826	69	32	15	17	0	42	30	103	75	75	24	41	44	46	38	0	0	0	0	0	0	86	56	0	0	87	51	120	37	653	260	51	42	75	38	52	42	27	49	57	45	49	12	66	39	84	49	155	73	0	0	0	0	0	6	0	0	5	0	0	27	0	105	0	0	0	0	0	7	155	319	0	0	0	0	27	49	0	0	0	0	0	0	82	45	0	0	0	0	4	0	0	0	0	24	0	0	0	0	0	0	0	42	0	0	0	0	0	0	32	28	0	10	0	0	7	0	0	0	0	0	0	0	0	0	0	0	0	0
00a406c81cbbd191e3cab85c3e2ddca5	19	60	45	15	6	57	46	92	9	0	10	111	41	57	29	22	27	38	79	98	40	24	91	79	27	39	55	31	100	38	70	54	34	39	61	43	27	25	0	0	0	0	68	53	22	54	33	33	27	57	90	39	35	9	35	34	42	36	142	48	54	0	643	0	18	16	0	0	12	121	4	81	0	65	0	0	0	0	0	0	0	0	0	0	0	0	49	6	0	0	0	152	51	10	0	87	0	0	7	0	9	0	5	0	107	176	0	0	20	55	26	16	0	0	0	0	0	0	0	0	0	0	0	0	0	0	9	20	0	0	0	0	65	30	0	14	67	16	39	16
0363df3e7160446b087209ec283fab45	52	105	31	35	6	38	78	64	23	203	640	286	70	78	60	13	59	49	309	180	53	24	95	86	32	26	145	123	78	36	38	37	38	39	46	42	109	77	163	60	206	91	54	74	50	38	75	44	121	134	37	17	97	25	85	35	143	108	466	180	26	0	700	0	0	48	0	0	20	117	0	31	51	72	0	0	0	0	177	84	346	106	0	0	0	0	232	48	0	0	0	164	110	21	22	0	85	0	59	0	0	23	23	0	118	32	0	0	14	48	12	10	0	24	15	0	11	0	151	114	293	261	13	36	0	0	22	21	0	0	0	0	171	69	0	14	431	105	177	59
18bda817a6acd8c238db4768702123e3	355	160	46	34	9	172	445	182	64	127	280	569	80	215	74	0	211	235	320	167	479	217	102	83	63	51	90	45	147	61	151	96	235	248	92	70	320	215	235	99	194	61	214	220	82	89	236	211	76	105	39	20	235	75	279	151	289	241	357	194	489	17	1002	8	162	63	0	0	44	131	11	41	0	476	0	0	0	23	304	103	589	142	74	0	0	0	1473	390	48	0	0	26	249	64	73	202	213	17	0	0	266	44	30	0	266	124	21	0	27	100	53	32	30	206	0	0	0	0	287	105	397	256	0	37	17	20	64	0	0	14	0	28	884	158	21	37	897	201	144	42
334f7328673a942af1c7ba68bfe86d5b	22	32	34	10	0	64	50	70	26	89	93	108	0	36	0	51	0	30	116	60	50	28	42	37	43	44	54	36	0	0	53	71	18	14	23	29	0	54	37	23	0	20	30	52	0	32	0	18	0	32	77	52	32	0	59	51	42	40	76	29	36	0	345	0	51	51	0	0	9	0	0	25	0	35	0	0	0	0	23	0	85	0	0	0	0	0	59	27	0	0	0	37	0	0	10	53	0	0	0	0	0	0	0	0	91	168	0	0	0	0	0	0	0	36	0	0	0	0	31	28	37	0	0	0	0	0	0	0	0	0	0	0	39	0	0	0	41	0	0	0
38db7efedec3b49eb62c4b8f7f516a29	29	59	43	20	0	29	34	40	10	74	0	60	18	17	0	25	16	14	41	42	34	31	66	77	61	46	113	111	75	54	57	44	27	39	59	45	34	23	86	42	0	0	73	93	36	30	23	24	8	8	67	48	20	0	49	37	8	0	101	41	0	0	25	0	0	34	0	0	10	108	0	0	0	80	0	0	0	0	0	0	0	0	0	0	0	0	32	0	0	0	0	0	8	0	0	14	0	0	0	0	0	8	7	0	0	259	7	0	36	100	19	18	0	45	0	0	0	0	0	8	0	0	0	59	0	0	0	0	0	0	0	0	0	33	0	0	0	0	0	0
5d10a622068afa2a45d21890a969cc66	0	15	0	0	0	31	30	41	12	47	42	68	0	19	0	25	14	21	54	19	27	22	33	31	15	23	21	20	0	0	31	34	12	18	14	14	0	23	16	14	0	10	14	26	0	9	0	10	0	18	52	31	14	0	31	32	31	36	35	16	0	0	224	0	15	52	0	0	0	0	0	0	0	25	0	0	0	0	0	0	103	0	0	0	0	0	23	0	0	0	0	0	0	0	0	34	0	0	0	0	0	0	0	0	49	66	0	0	0	0	0	8	0	10	0	0	0	0	7	10	0	0	0	39	0	0	0	0	0	0	0	0	22	51	0	0	14	14	0	0
9608d1ed1ae272648b63de482e0a34b4	14	23	34	0	0	24	35	52	0	51	40	51	0	0	0	0	0	28	45	53	27	31	50	0	23	24	55	23	0	0	54	0	18	23	0	23	0	0	41	30	0	0	33	33	0	0	0	25	0	20	53	29	28	23	33	27	39	45	61	0	0	0	146	85	26	78	0	0	0	0	0	0	0	15	0	0	0	0	25	0	75	0	0	0	0	0	57	0	0	0	0	0	0	0	0	77	142	0	0	0	0	0	0	0	48	58	0	0	0	0	0	14	0	0	0	0	0	0	0	0	0	0	0	36	0	0	0	40	0	0	0	0	30	0	0	0	0	0	18	0
9c588db012b6136d0bea3d78b62f15ec	26	0	0	18	0	32	0	0	0	59	37	59	0	0	0	47	40	0	49	0	31	0	0	39	21	28	0	0	0	0	0	69	0	0	35	0	0	42	0	0	0	0	0	30	0	0	36	0	0	22	54	25	0	0	36	33	30	0	0	31	0	0	181	0	0	63	0	0	0	49	0	0	0	22	0	0	0	0	0	0	47	0	0	0	0	0	0	0	0	0	0	0	0	0	0	48	0	0	0	0	0	0	0	0	35	79	0	0	0	0	0	0	0	0	0	0	0	0	0	0	0	0	0	0	0	0	0	0	0	0	0	0	0	0	0	0	53	31	0	0
f0c51de66c7ba0d844e8273845c3a148	0	0	0	0	0	0	0	0	0	12	0	0	0	0	0	0	0	0	0	0	0	0	0	0	0	0	0	0	20	16	0	0	0	0	0	0	0	0	27	11	0	0	0	0	0	0	0	0	0	0	0	0	0	0	0	0	0	0	0	0	0	0	0	0	0	0	0	0	0	50	0	0	0	0	0	0	0	0	0	0	0	0	0	0	0	0	0	0	0	0	0	0	0	0	0	0	0	0	0	0	0	0	0	0	0	0	0	0	10	13	0	0	0	0	0	0	0	0	0	0	0	0	0	0	0	0	0	0	0	0	0	0	0	0	0	0	0	0	0	0
1596e22ef283fb397d99e2cff31bdad4	0	0	43	0	0	0	0	0	0	0	0	0	32	58	0	0	0	0	0	0	0	0	0	0	33	21	48	31	0	0	0	0	0	0	0	0	0	0	0	0	0	0	0	0	0	0	25	25	0	0	0	0	0	0	0	0	0	0	0	0	0	0	137	0	64	113	0	0	0	25	0	0	0	0	0	0	0	0	0	0	0	0	0	0	0	0	66	0	0	0	0	0	0	0	0	0	35	0	0	0	0	0	0	0	164	97	0	0	0	0	0	0	0	0	0	20	0	0	0	0	0	0	0	0	0	0	0	0	0	0	0	0	0	0	0	0	21	0	0	0
c175ae81d05b8a6398283f16343f87f9	168	81	40	28	0	79	227	102	44	334	586	317	59	176	20	63	107	133	97	67	170	83	112	91	52	47	82	48	117	40	82	64	126	113	69	65	69	92	374	100	92	102	70	125	28	45	159	175	0	45	131	85	97	35	150	100	148	110	164	90	21	41	408	0	97	43	0	0	0	157	0	0	0	273	0	0	0	0	132	22	233	194	0	0	0	0	651	303	0	0	0	68	99	41	30	130	0	0	0	0	32	25	27	0	135	56	18	10	21	62	0	10	16	83	0	0	0	20	194	233	222	212	0	0	0	0	36	18	0	0	0	0	239	76	0	24	225	49	42	0
a45148a6c1c7b3182012ee54c99ce070	36	47	31	10	0	19	59	35	0	51	126	145	17	12	16	19	21	20	99	51	96	38	68	69	64	32	37	25	47	19	43	33	40	55	50	25	61	73	65	21	71	38	121	117	45	24	56	44	23	32	67	28	41	7	42	24	107	59	171	103	24	2	540	54	40	117	0	0	0	39	0	0	3	50	0	0	0	0	67	0	42	48	0	0	0	0	124	6	0	0	0	0	0	0	0	0	14	0	0	0	0	0	5	0	6	41	0	0	5	11	0	7	0	16	0	0	0	0	4	13	12	8	0	67	0	0	5	0	0	0	0	0	7	5	0	0	13	0	5	7
33487598f9cfd4bc0803be4596b296b4	42	103	0	206	15	92	100	126	63	7	19	0	128	34	52	187	55	0	67	0	139	54	158	131	0	0	867	621	169	77	77	58	60	69	130	87	383	271	16	0	9	11	0	0	285	115	40	0	138	147	754	292	92	24	0	0	75	71	26	0	0	0	0	108	0	0	0	0	17	298	0	0	6	146	0	0	0	0	0	0	0	0	0	0	0	0	0	0	0	0	0	0	0	0	0	0	0	0	0	0	0	15	7	0	0	0	8	0	19	89	0	10	13	79	0	0	0	0	0	0	0	0	0	0	0	8	0	0	0	0	0	0	9	0	0	35	0	0	0	0
03c983a054ac71f40a30031f9588aa4f	116	0	0	0	0	0	0	0	0	0	0	48	0	34	112	113	149	116	0	0	341	181	0	30	0	0	0	0	0	0	0	0	0	0	0	0	0	0	0	0	0	0	705	702	0	0	175	156	283	284	472	245	286	71	419	332	0	0	0	0	0	0	0	0	0	0	0	0	0	0	0	0	0	0	0	0	0	0	0	0	0	0	0	0	0	0	0	0	0	0	0	0	0	0	130	302	0	0	0	0	0	0	0	0	0	100	0	0	0	0	0	0	0	0	0	0	0	0	0	0	0	0	0	189	0	0	0	0	0	0	0	0	0	0	0	0	0	0	0	0
11bfa3a00f4ce144c255af9c50f60e4e	0	0	0	0	0	0	0	0	0	0	13	0	0	0	0	0	0	0	0	0	0	0	0	0	0	0	0	0	0	0	0	0	0	0	0	0	0	0	0	0	0	0	0	0	0	0	0	0	0	0	0	18	0	0	0	0	0	0	0	0	0	0	0	0	0	0	0	0	0	0	0	0	0	40	0	0	0	0	13	0	0	0	0	0	0	0	0	0	0	0	0	0	0	0	0	90	0	0	0	0	0	0	11	0	0	0	0	0	0	0	0	0	0	0	0	0	0	0	0	0	0	0	0	0	0	0	0	0	0	0	0	0	0	0	0	0	0	0	0	0
1428594f335e05350d27aabbbf9691f0	0	30	219	50	62	0	0	0	0	0	0	0	0	0	0	0	13	0	0	0	0	0	84	41	628	280	250	84	807	268	0	0	0	0	0	0	20	0	0	0	0	0	0	0	0	0	0	0	0	0	0	0	0	0	0	0	0	0	0	0	0	0	0	0	0	13	0	0	58	716	0	0	7	0	0	0	0	0	0	0	0	0	0	0	0	0	0	0	0	0	0	0	0	0	0	0	62	0	0	0	0	0	0	0	0	323	0	0	230	339	0	0	0	39	0	0	0	0	0	0	0	0	0	0	0	0	0	0	0	0	0	0	0	0	0	0	0	0	0	0
2b361a2f73cf44e4f15039ea675fd52a	0	1571	1641	23	0	31	804	0	0	0	0	45	81	255	0	0	21	0	316	154	84	0	3670	2972	2547	2482	96	55	66	0	58	0	2684	3201	0	64	98	85	56	43	0	64	65	65	371	375	1379	1552	29	67	58	34	66	0	72	40	638	573	230	204	6	24	223	0	150	119	0	31	731	18	9	0	371	4379	4	8	0	15	0	0	0	0	0	0	0	6	498	91	5	26	0	0	15	0	0	0	16	0	0	0	0	32	68	26	59	5513	155	0	0	86	0	37	261	3611	0	26	0	26	0	0	0	0	0	0	16	23	69	0	0	0	0	28	0	0	0	63	47	91	0	0
304366cb02cbad86f14181a5e14c3bb3	115	0	0	0	0	0	0	0	0	0	0	0	0	0	161	153	165	114	0	0	406	235	0	0	0	0	0	0	0	0	0	0	0	0	0	0	0	0	0	0	0	0	754	830	0	0	245	162	347	403	595	252	320	89	466	379	0	0	0	0	0	0	0	0	0	0	0	0	0	0	0	34	0	0	0	0	0	0	0	0	0	0	0	0	0	0	0	0	0	0	0	0	0	0	67	333	0	0	0	0	0	0	0	0	0	127	0	0	0	0	0	0	0	0	0	0	0	0	0	0	0	0	0	301	0	0	0	0	0	0	0	0	0	0	0	41	0	0	0	0
312bfa3bd62e4121a210a0f1720a0bde	308	78	59	0	0	2100	0	29	136	0	0	204	28	125	336	378	444	310	30	970	1052	580	136	117	118	173	87	69	73	58	2740	3405	96	76	79	90	129	108	71	47	52	0	2112	2161	54	44	517	459	891	1011	1368	770	803	212	1182	964	98	66	2953	1334	0	0	0	33	0	0	0	0	0	0	0	0	0	0	0	0	0	0	0	0	0	0	0	0	0	0	0	0	0	0	0	152	0	0	338	475	0	196	13	0	15	26	0	0	0	325	0	0	0	0	919	392	0	0	24	0	0	0	5	0	20	0	0	575	0	0	0	0	0	30	0	0	0	0	0	94	0	0	41	41
6878fb447c344d84962f691dc7a13f73	68	0	92	271	0	36	36	547	351	2107	183	0	20	107	0	0	216	10	437	0	982	313	16	15	110	67	768	432	158	91	21	0	62	62	1229	852	1474	1174	2283	1437	181	104	25	0	21	0	215	162	22	0	23	0	303	54	29	28	914	564	33	0	22	0	0	62	0	0	0	0	77	199	0	91	0	79	0	0	0	0	10	15	12	106	0	0	0	0	0	0	0	0	0	0	0	0	0	49	166	14	0	0	0	0	0	0	0	337	12	0	104	118	0	0	0	34	0	0	0	0	0	54	0	19	0	0	0	0	0	0	0	0	0	0	0	0	0	0	15	31	0	0
bc47e170c7b1187ce11a97affd378bff	0	0	13	0	58	1212	0	1119	0	0	0	0	0	0	17	0	27	42	0	0	0	53	55	48	0	0	66	0	1499	893	1038	1175	0	0	2470	4404	0	85	0	31	0	0	0	0	41	40	0	0	0	59	0	41	93	21	579	274	0	50	0	0	0	0	0	0	0	0	0	0	422	3161	11	277	0	0	0	0	0	0	0	0	0	0	0	0	0	0	0	0	0	0	0	0	0	0	71	380	0	0	0	0	0	0	0	0	0	0	0	0	268	2650	0	195	0	0	0	0	0	0	0	0	0	0	0	0	0	0	0	0	0	0	0	0	0	0	0	46	0	0	0	0
bf795ec0789f0beb9c3d0cedf059ed53	1082	2078	261	131	33	1527	2422	1565	578	308	2370	450	403	458	431	350	1062	841	1139	1170	2854	1244	2718	2228	306	282	735	554	689	368	2023	1357	2433	2698	1751	1289	5535	2244	2227	963	5835	1939	2248	2045	1059	493	1594	1295	986	822	1164	499	2385	537	2657	1516	2233	1564	3700	1523	71	50	406	63	0	10	68	29	1177	985	9	308	1181	6405	0	0	0	22	116	0	419	2511	0	0	28	0	42	10	153	0	0	110	14	42	1001	2577	663	0	76	8	20	60	226	0	26	244	155	0	215	360	181	93	287	1473	0	29	22	41	148	97	144	206	24	499	0	28	19	25	17	34	0	26	41	0	44	128	359	141	85	22
c5481c14c182a43d18603a2c117d9bb0	22	29	0	0	66	1479	51	1114	28	0	36	0	0	0	0	0	0	49	38	35	110	0	0	0	48	53	0	52	1984	1139	1309	1421	84	78	2951	4876	113	0	76	0	47	44	70	81	0	0	87	44	53	0	67	0	0	0	693	388	72	0	126	64	0	0	0	29	0	0	0	0	483	4136	0	227	0	0	0	0	0	9	0	0	0	0	0	0	0	0	0	0	0	0	0	0	0	0	65	423	152	0	0	23	0	0	0	0	0	0	0	0	303	3476	93	236	0	0	0	0	0	0	0	0	0	0	0	0	0	0	0	0	0	0	0	0	0	0	0	0	10	0	0	0
f6f232a58801557c4716c0b263d471f3	0	1028	961	0	0	0	568	34	0	0	63	0	86	142	0	0	0	0	209	91	0	61	2151	1751	1421	1392	0	0	0	0	0	43	1596	2015	74	0	0	0	0	0	61	0	0	0	244	248	884	991	0	0	0	0	0	0	0	0	406	383	167	125	0	0	93	156	0	104	0	0	406	0	0	0	159	2789	0	0	0	0	0	0	0	0	2	0	0	0	247	134	0	0	0	0	0	0	0	0	0	0	0	0	0	0	0	0	0	3510	81	0	0	77	0	0	207	2200	0	0	0	0	0	0	0	0	0	0	0	0	0	47	18	0	0	0	26	16	0	0	0	0	0	0
95ffe1cb21830db3bd639dd1d987cc61	174	571	220	256	0	838	348	347	320	405	235	237	192	322	257	24	328	374	564	728	583	166	1541	895	384	214	1052	429	70	23	1340	1056	735	748	485	290	2221	1135	427	146	170	65	769	566	538	206	690	433	500	444	62	31	611	116	998	468	998	456	1538	449	0	6	22	55	0	0	0	11	177	22	0	206	97	1404	0	0	0	0	0	0	0	27	0	0	0	0	0	3	0	146	9	85	0	0	135	358	109	0	0	0	0	14	30	0	13	283	65	0	13	38	127	67	85	556	5	7	0	0	0	18	0	16	0	168	0	0	0	5	0	0	3	0	0	0	8	50	34	91	0	0
0e22d51ebfa2d0def7d3617ed9f9cc5d	27	0	374	77	20	0	49	0	0	0	0	0	68	56	0	26	0	0	0	0	131	56	0	25	940	751	946	690	368	161	34	37	81	91	0	0	0	0	42	0	55	0	40	0	389	205	240	180	0	0	61	0	77	0	0	0	26	0	0	0	0	0	0	0	7	0	0	0	142	647	0	149	0	228	0	0	0	0	0	0	0	0	0	0	0	0	38	0	85	0	0	233	0	0	49	163	0	63	0	0	0	9	0	0	71	965	0	13	147	256	0	0	0	0	0	0	0	0	0	0	0	0	0	0	0	0	0	0	0	7	0	0	0	0	0	0	0	0	0	0
0f67c88823a680ab5a1ec37016573112	105	40	20	0	0	0	0	433	281	481	305	117	0	0	147	0	190	0	150	0	727	152	98	75	0	0	0	0	0	0	0	0	0	0	793	555	747	786	841	477	298	264	993	473	0	0	0	0	102	159	0	0	402	87	0	0	435	194	0	0	0	9	0	0	0	0	0	0	0	0	0	167	0	0	0	0	0	0	64	49	0	275	0	0	0	0	0	0	0	0	0	0	63	19	0	37	64	0	0	0	9	0	11	0	0	0	0	0	0	0	0	0	0	0	0	7	0	0	0	0	36	52	0	85	0	12	0	0	0	0	0	0	0	0	0	0	0	0	0	0
4b7a65f7a07df354e6984f3358097446	0	0	0	224	0	0	0	0	0	0	0	0	117	0	0	64	0	0	0	0	0	0	0	0	0	0	975	456	913	380	0	0	0	0	0	0	0	0	0	0	0	0	0	0	62	51	204	161	0	0	118	67	0	0	0	0	0	0	0	0	0	0	0	5	0	0	0	0	104	1065	0	0	0	0	0	0	0	0	0	0	0	0	0	0	0	0	0	43	0	0	0	0	0	0	0	0	0	0	0	0	0	0	0	0	0	0	0	0	307	576	14	0	0	0	0	0	0	0	0	0	0	0	0	0	0	0	0	42	0	0	0	7	0	0	0	0	0	0	0	0
529a1efa3efd3cbb857c710db46a4c31	0	0	0	0	0	0	178	0	0	0	0	0	67	142	0	174	0	0	0	0	0	0	0	0	0	0	0	0	0	0	0	0	262	176	0	0	0	0	0	0	0	0	0	0	184	83	250	123	0	0	454	130	0	0	0	0	0	12	0	0	0	0	0	0	0	0	0	0	54	0	0	0	0	406	0	0	0	0	0	0	0	0	0	0	0	0	0	0	0	0	0	0	0	0	0	0	0	0	0	0	0	0	0	0	0	0	9	0	0	0	0	0	38	358	0	0	0	0	0	0	0	0	0	0	0	0	0	0	0	0	0	0	0	0	0	0	0	0	0	0
91ecc950f9b6a538ac0fbb2e57c20011	167	64	0	377	53	0	62	617	428	705	506	203	197	126	197	90	323	21	250	31	1075	276	179	128	47	39	1641	735	1402	601	65	59	71	90	1145	803	1091	1235	1306	651	547	416	1423	698	182	111	361	304	186	231	237	134	574	151	67	48	666	313	104	56	0	0	0	0	0	0	0	0	194	1656	82	241	0	5	0	0	0	2	131	82	108	448	0	2	0	0	58	0	0	0	0	74	0	0	0	0	0	78	0	0	0	0	0	0	0	18	0	5	484	889	0	0	8	0	9	0	6	0	63	83	34	70	0	129	3	0	0	0	0	0	0	0	76	54	5	0	39	71	0	10
bd5a75e6a71b8a623e78e3d79e835f23	23	35	0	33	0	0	0	0	10	0	0	0	7	0	9	13	20	0	36	44	81	46	30	23	36	25	288	165	31	9	0	0	0	5	0	0	85	34	0	0	0	0	82	51	29	16	39	30	10	14	66	43	40	13	48	31	58	45	89	58	0	0	0	0	0	30	0	0	19	53	0	9	0	0	0	0	0	0	0	0	0	0	0	0	0	0	0	0	0	0	0	0	0	0	0	51	0	5	0	0	0	0	0	0	3	58	0	0	0	20	0	0	0	0	0	0	0	0	0	0	0	0	0	16	0	0	0	0	0	0	0	0	0	0	0	0	0	0	0	0
f68405f867979a28365e9aa03e6707ec	0	0	27	0	0	0	0	0	0	0	0	0	0	0	0	0	0	0	0	0	24	0	0	0	27	17	85	57	13	0	0	0	0	0	0	0	0	23	0	0	0	0	0	21	0	0	0	0	0	0	31	0	0	0	23	0	21	0	24	0	0	0	0	0	0	0	0	0	0	0	0	0	0	0	0	0	0	0	0	0	0	0	0	0	0	0	0	0	0	0	0	0	0	0	0	0	0	0	0	0	0	0	0	0	0	0	0	0	0	0	0	0	0	18	0	0	0	0	0	0	0	0	0	0	0	0	0	0	0	0	0	0	0	0	0	0	0	0	0	0
3988a02c2ab9bf2faa5dd2430ffb401e	0	0	14	17	0	0	0	0	0	51	11	0	0	30	0	30	0	9	0	39	20	0	9	0	121	330	8	0	0	0	12	11	13	11	0	0	24	11	0	13	13	0	14	19	42	82	37	36	0	0	128	61	13	7	105	69	124	84	17	0	0	0	0	0	0	0	0	0	0	0	0	27	0	0	0	0	0	0	0	0	0	0	0	0	0	0	0	0	0	0	0	40	0	0	0	12	0	0	0	0	0	16	0	0	16	3675	0	0	0	0	0	0	0	0	0	0	0	0	0	0	0	0	0	0	0	10	0	0	0	0	0	0	0	0	0	34	0	35	0	0
688d8c08c9dd5ebb787b05dcf5e4b5a8	572	0	0	0	0	0	678	0	505	298	234	74	246	349	210	282	372	238	261	587	1388	719	0	0	0	0	0	0	0	0	46	0	1551	1120	0	0	1620	2502	748	716	322	436	1310	1122	731	815	1029	789	895	1307	1539	596	984	221	1155	665	849	495	2575	1339	96	0	0	0	0	0	0	0	792	0	0	275	326	1837	0	0	0	0	0	0	119	193	0	0	0	0	412	0	140	0	0	282	75	0	186	212	205	0	101	51	0	0	0	0	0	0	129	0	0	94	0	0	276	1613	0	0	0	0	0	0	0	71	0	696	21	0	0	0	0	0	0	0	89	48	0	0	96	102	62	0
8d17a35a143e415f456e2792870bca0c	1821	443	53	314	0	84	2063	108	1640	886	740	298	842	1249	682	840	1075	712	924	2015	4087	2216	245	153	177	104	2033	1532	138	79	119	192	4694	3725	139	237	4981	8355	2295	2238	972	1364	3843	3541	2257	2602	3192	2400	2807	4078	4810	2044	2938	706	3247	2134	2825	1609	8079	3973	0	150	0	116	0	10	127	46	1893	21	163	1350	906	5605	47	102	0	35	53	0	500	901	0	0	14	20	1273	125	0	237	3	1221	174	192	411	1255	217	190	306	210	135	100	41	8	24	83	414	56	40	197	56	90	954	5245	28	34	29	32	110	153	103	179	35	2369	0	40	80	61	72	27	7	41	267	66	95	237	256	230	248	83
c576426f7d91fc44af9f1ee57466bd68	677	0	13	0	0	32	660	44	583	272	272	101	327	475	249	407	469	264	334	779	1405	646	70	40	50	42	0	0	45	16	46	69	1688	1469	67	43	1781	3189	830	846	300	503	1443	1150	798	899	1231	852	1038	1564	1423	805	1098	240	1248	595	1024	481	2821	1218	23	19	0	27	0	5	0	9	737	0	0	414	435	2113	0	0	0	0	6	54	83	455	0	0	28	0	369	0	146	0	0	497	36	7	152	385	129	0	180	28	41	23	0	0	5	21	132	7	20	68	16	24	331	1834	0	10	0	0	27	30	33	87	7	854	0	7	26	0	15	9	0	0	71	38	18	24	111	93	66	34
ce31153cea8ed2ed4b78142de8f3bf49	124	73	65	62	10	31	161	28	36	674	0	1038	47	69	7	34	48	45	393	0	208	76	84	79	79	99	166	122	64	31	44	31	59	70	40	49	296	143	716	245	21	11	523	494	93	44	107	95	46	51	120	39	81	27	101	69	400	292	16	0	47	13	431	0	220	146	0	0	26	85	0	42	0	133	0	0	0	0	485	211	14	42	0	0	0	0	189	28	0	0	0	153	42	59	94	13	197	36	0	0	21	18	19	2	46	45	21	0	29	38	12	0	16	67	0	0	0	0	168	365	0	0	0	76	0	0	8	3	0	0	0	0	35	29	0	32	181	23	0	0
22297ddf6b82458608340900fa29f843	29	17	26	0	0	18	74	17	0	23	91	109	21	25	0	10	19	19	75	33	42	18	36	31	27	30	16	24	37	0	34	17	40	48	27	27	72	32	54	25	78	0	61	41	52	18	36	22	9	25	32	13	23	0	40	22	45	32	73	32	25	0	103	0	0	11	0	0	0	58	0	0	37	109	0	0	0	0	0	0	32	0	0	0	0	0	17	20	0	0	0	36	14	0	0	143	0	0	0	0	0	0	0	0	0	17	0	0	0	11	0	0	0	31	0	0	0	0	0	0	0	0	0	0	0	0	0	0	0	0	0	0	0	0	0	0	0	0	0	0
5d5f4a69deb37f1398a271f1218133e0	0	0	0	0	0	0	0	0	0	25	189	0	0	0	0	0	0	0	0	21	0	0	0	0	0	0	0	0	0	0	0	0	0	0	0	0	0	0	24	0	194	48	0	0	0	0	0	0	0	0	0	0	0	0	0	0	0	0	72	27	0	0	32	0	0	0	0	0	0	0	0	0	0	0	0	0	0	0	38	0	134	42	0	0	0	0	0	0	0	63	0	0	0	0	0	0	0	47	0	0	0	0	0	0	0	0	0	0	0	0	0	0	0	0	0	0	0	0	0	13	47	36	0	0	0	0	0	0	0	0	0	0	0	0	0	0	0	0	10	0
e67fd126a013c7f6612a8f7dc5bfb1ca	11	7	7	0	0	16	51	0	6	0	0	31	0	15	12	12	13	17	34	0	28	15	23	21	12	22	0	0	0	0	16	12	15	27	0	0	23	21	0	0	0	0	27	11	0	0	25	11	4	12	47	9	16	0	17	13	26	19	23	13	0	0	27	0	0	9	0	0	6	0	0	0	0	35	0	0	0	0	0	0	0	0	0	0	0	0	33	0	0	0	0	0	0	0	0	35	0	0	0	0	5	0	0	11	36	12	0	0	0	0	0	0	0	12	0	0	0	0	0	0	0	0	0	0	0	0	0	0	0	0	0	0	18	0	0	0	14	0	0	0
a99a596f0cbebb1bd067aede8ab05790	27	23	23	45	6	37	64	92	76	256	95	18	180	58	32	43	90	135	25	133	33	17	38	31	20	11	26	31	44	12	47	33	52	38	39	37	105	41	100	46	36	29	10	12	44	23	24	21	36	40	54	28	30	0	64	48	11	0	77	27	46	9	59	32	76	20	0	0	14	78	0	0	0	119	3	0	0	0	303	45	70	0	0	0	0	0	59	0	0	0	0	0	61	0	11	0	0	0	0	0	12	8	0	0	60	0	6	0	22	19	9	15	0	16	0	4	0	0	78	115	39	13	0	0	0	0	3	27	0	0	0	0	59	0	2	6	9	0	73	0
382c30a92804ccc404116a0ec3f8875e	0	0	0	9	0	0	22	32	18	78	37	0	63	20	10	0	17	35	0	30	12	0	0	9	0	0	13	0	0	0	17	0	13	11	24	0	48	12	40	14	13	0	0	0	14	0	0	0	0	0	12	0	14	0	22	0	0	0	25	0	26	0	118	0	0	0	0	0	0	24	0	0	0	42	0	0	0	0	50	34	0	14	0	0	0	0	0	0	0	0	0	0	9	0	0	0	0	0	0	0	0	0	0	0	14	0	0	0	0	0	0	0	0	0	0	0	0	0	36	29	0	21	0	0	0	0	0	13	0	0	0	0	24	0	0	0	0	0	32	0
6534ba21d17bd752bf5f5ba1bf1eaf29	0	0	0	24	0	132	0	494	0	0	0	0	0	0	25	0	0	0	0	0	0	0	8	0	0	0	53	35	79	46	215	157	0	0	147	172	0	0	0	0	0	0	0	0	0	0	0	0	0	22	0	0	0	0	0	0	0	0	0	0	0	0	0	122	0	0	0	0	12	164	0	0	0	0	0	0	0	0	0	0	0	0	0	0	0	0	0	0	0	0	0	0	0	0	5	0	0	0	0	0	0	0	0	0	0	0	0	0	23	79	0	5	0	0	0	0	0	0	0	0	0	0	0	0	0	0	0	0	0	0	0	0	0	0	0	0	0	0	0	0
5a9c4d7af6684ecc5f50bd8a0aa9b68f	1725	1773	648	203	113	1276	1484	650	257	206	252	175	527	199	47	384	788	706	238	424	2287	1570	1444	1818	834	1468	1274	1265	1770	768	2039	1694	1351	1070	507	379	3719	1774	640	563	1168	507	258	269	1116	1273	296	251	261	258	2804	1153	1827	597	1093	1174	142	120	2975	1010	0	16	142	36	13	11	0	19	526	2251	0	59	42	2500	0	0	0	12	0	0	31	405	0	0	0	0	14	0	0	47	0	91	27	18	113	735	12	0	56	92	35	86	109	25	111	8004	130	12	438	1998	1467	1008	228	1574	18	29	16	35	33	26	28	100	22	152	0	21	17	20	9	24	0	25	59	30	19	150	22	9	59	23
486f7ab0a0dee71358b34aedb6fea416	38	54	0	0	0	24	65	0	0	61	53	0	49	23	22	0	0	0	55	48	0	33	53	0	35	41	42	0	71	21	44	57	21	38	43	40	0	59	74	29	17	0	0	0	45	52	73	38	56	0	0	0	52	30	56	56	52	52	88	76	0	0	0	0	0	0	0	0	0	42	0	0	0	52	0	0	0	0	0	8	0	0	0	0	0	0	0	0	0	0	0	0	0	0	0	0	0	0	0	0	0	0	0	0	0	109	0	0	9	0	18	0	9	35	0	0	0	0	0	0	0	0	0	0	0	0	7	0	0	0	0	0	14	0	0	18	7	0	14	0
8e73c6788fb092c2159311f87380b039	0	9	0	0	0	39	0	0	0	0	0	107	0	0	0	0	0	0	0	0	0	0	12	0	0	0	0	14	0	0	0	0	0	0	0	0	0	0	0	0	0	0	258	311	76	114	165	102	103	107	0	0	0	0	0	0	68	66	0	0	0	0	0	0	0	0	0	0	0	9	0	0	0	0	0	0	0	0	0	0	0	0	0	0	0	0	0	0	0	0	0	0	0	0	0	0	0	0	0	0	0	0	0	0	0	5	0	0	0	0	0	0	0	0	0	0	0	0	0	0	0	0	0	123	0	0	0	0	0	0	0	0	0	0	0	0	0	0	0	0
b87d65d0492d96b18302c9671f8a04d0	0	0	31	0	0	32	0	76	0	0	0	0	0	25	0	0	59	41	0	0	57	0	0	54	0	0	0	22	0	0	0	0	25	0	43	0	87	0	0	0	0	0	0	0	0	0	0	0	0	58	0	0	0	0	0	0	0	0	77	0	0	0	23	0	0	0	0	0	0	0	0	11	0	0	0	0	0	0	0	0	0	0	0	0	0	0	39	17	0	0	0	0	0	0	0	73	0	0	0	0	0	0	0	0	0	0	0	0	0	0	0	0	0	0	0	0	0	0	0	30	0	13	0	0	0	0	0	0	0	0	0	0	0	0	0	0	0	24	0	0
c5f5f35cd2d36a16af97c3741abb0ff2	0	27	0	17	10	41	0	0	19	0	0	0	0	0	0	0	0	0	0	0	0	0	15	0	26	24	54	20	52	13	40	27	0	0	0	0	0	0	0	0	0	0	0	0	0	0	0	0	0	0	0	0	0	0	0	0	0	0	0	0	0	0	0	0	0	0	0	0	0	18	0	0	0	0	0	0	0	0	0	0	0	0	0	0	0	0	0	0	0	0	0	0	0	0	0	0	0	0	0	0	0	0	0	0	21	18	0	0	0	31	0	0	0	0	0	0	0	0	0	0	0	0	0	0	0	0	0	0	0	0	0	0	0	0	0	0	0	0	0	0
d2e5f354eeb2f54ca2ce16931cd82411	317	254	266	58	23	551	876	344	103	135	96	490	156	94	148	89	92	279	343	152	836	585	334	619	412	732	567	703	678	367	1167	1086	988	963	1582	2021	1838	1734	324	682	172	79	741	869	516	675	600	495	1085	1123	913	403	408	106	926	1201	349	408	1100	488	0	0	637	26	55	0	0	5	607	1010	66	258	212	2106	0	9	0	6	8	0	0	20	0	34	2	0	840	82	0	0	0	171	84	33	324	728	104	98	5	0	36	39	396	0	186	4560	126	0	437	2297	1303	769	247	1741	9	13	6	17	44	35	10	12	0	428	13	16	16	11	17	12	6	17	105	20	56	162	111	75	25	31
fccbd0a08752b17f1937ffad5eb9c991	0	0	0	0	0	92	16	0	13	81	49	310	71	111	60	5	9	6	54	0	16	0	0	0	0	9	11	0	16	16	99	127	14	0	10	0	27	15	39	29	60	31	721	877	217	348	453	308	280	358	15	6	0	0	0	11	200	199	30	10	0	0	0	17	0	0	0	0	0	0	0	30	0	0	0	0	0	0	0	0	0	0	0	0	0	0	26	0	0	0	0	0	0	0	0	6	0	0	0	0	0	0	0	0	0	0	0	0	0	24	86	82	0	0	0	0	0	0	0	0	0	0	0	307	0	0	0	0	0	0	0	0	0	0	0	0	12	7	0	0
8f4aad731388bd1804c00960961c3398	40	47	80	22	4	240	114	73	42	9	10	142	33	24	64	94	121	6	141	158	151	36	162	133	108	112	49	33	49	27	180	108	141	123	125	71	195	110	7	0	0	0	90	114	86	62	125	144	107	136	83	57	157	26	8	3	224	120	326	104	0	0	0	0	0	0	0	0	0	59	0	3	0	226	0	0	0	0	0	0	0	0	0	0	0	0	7	0	0	0	0	0	6	8	0	0	0	0	0	0	0	0	4	0	0	88	0	0	5	36	4	0	0	53	0	0	0	0	0	0	0	0	0	10	0	0	0	0	0	0	0	0	5	0	0	0	0	0	0	0
1a777f855b2fc654c75ee3ffa810d77c	0	12	0	8	0	25	8	0	0	0	0	0	0	6	8	26	5	0	0	17	10	0	31	29	0	0	31	22	33	18	36	27	12	22	20	11	22	7	0	0	0	0	53	28	18	13	14	10	19	23	54	26	19	0	29	14	22	12	71	27	0	0	24	0	0	0	0	0	0	65	0	7	0	59	0	0	0	0	0	0	0	0	0	0	0	0	6	0	82	0	0	0	0	0	7	3	0	0	0	0	0	0	21	0	0	0	0	0	8	23	5	0	0	0	0	0	0	0	0	0	0	0	0	19	0	0	0	0	0	0	0	0	0	0	0	0	0	0	0	0
29c85314f6a8b10f330946a14aa88a77	0	0	0	0	0	0	0	0	0	0	0	0	0	0	0	109	0	0	0	0	0	0	0	0	0	0	0	0	0	0	0	0	0	0	90	100	0	0	0	0	0	0	0	0	41	62	0	0	0	0	290	95	0	0	100	50	81	68	0	0	0	0	0	0	0	0	0	0	0	0	0	0	0	0	0	0	0	0	0	0	0	0	0	0	0	0	0	0	0	0	0	0	0	0	0	62	0	0	0	0	0	0	0	0	0	0	0	0	0	0	0	0	0	0	0	0	0	0	0	0	0	0	0	0	0	0	0	0	0	0	0	0	0	0	0	0	0	53	0	0
6403c1db14026605cff139bec52eff58	0	0	0	0	0	0	0	62	0	70	0	0	61	21	0	294	0	0	50	0	9	0	0	10	7	0	12	0	0	0	0	0	0	0	215	256	0	0	121	104	0	0	0	12	102	200	100	109	0	0	767	261	0	0	348	202	214	205	0	0	0	0	0	0	0	0	0	0	0	0	0	32	0	0	0	72	0	0	0	0	0	0	0	0	0	0	0	0	0	0	0	96	0	0	135	65	0	0	0	0	0	5	0	0	0	0	0	0	0	0	0	0	0	0	0	0	0	0	0	0	0	0	0	0	0	0	0	0	0	0	0	0	0	0	0	13	0	0	0	0
b74580acabea981759348d8fd78a6f33	0	0	12	16	0	0	0	0	0	0	15	0	12	0	10	0	0	0	41	32	0	0	0	0	18	17	47	37	21	0	0	0	0	0	0	0	0	0	0	0	0	0	16	27	31	15	0	8	17	14	18	0	11	0	0	0	30	21	85	45	0	0	0	0	0	20	0	0	0	19	0	0	0	0	0	0	0	0	0	0	0	0	0	0	0	0	0	42	0	0	0	0	0	0	0	0	21	0	0	0	0	0	0	0	0	0	0	0	0	13	0	0	0	0	0	0	0	0	0	0	0	0	0	0	0	0	0	0	0	0	0	0	0	0	0	0	0	0	0	0
c7b71bc88cd2b96d649961540cb59172	24	26	33	21	0	65	56	16	28	21	32	10	25	6	13	39	47	0	25	46	73	31	59	54	46	67	103	84	101	45	53	84	155	123	68	87	21	128	41	56	8	46	42	73	15	93	47	46	17	114	123	96	71	37	89	51	54	50	181	94	0	0	0	0	0	2	0	0	79	128	0	17	0	222	0	0	0	0	0	0	0	13	0	0	0	0	5	19	0	0	0	0	9	0	7	61	0	0	0	0	0	7	7	0	2	359	0	0	5	95	0	22	0	201	2	0	0	3	4	0	6	6	0	14	0	0	0	0	0	2	0	0	7	0	0	4	11	22	2	0
20b31eacb86019dae06057bafec47d84	30	36	0	0	0	0	35	0	13	5	59	48	16	14	20	43	27	35	57	47	50	12	61	58	4	0	0	10	0	0	0	5	48	35	0	0	75	31	0	0	82	38	164	53	44	27	37	39	60	38	100	38	40	12	92	39	78	55	130	39	0	0	0	0	0	0	0	0	0	0	0	36	0	112	0	0	0	0	0	0	25	79	0	0	0	0	7	0	0	0	0	0	0	0	6	9	0	0	0	0	0	0	0	0	0	0	0	0	0	0	0	0	0	16	0	0	0	0	0	0	3	0	0	9	0	0	0	0	0	0	0	0	0	0	0	0	0	0	0	0
4bfd00821c8f0e7c1b1e774c00497da4	4	33	17	0	0	49	23	0	0	0	0	0	23	0	0	0	3	8	30	0	27	10	41	41	21	14	8	0	0	0	82	58	20	21	0	0	56	27	0	0	0	0	0	5	38	16	32	23	3	0	0	0	19	6	30	21	27	37	2	0	0	2	0	0	0	61	0	0	0	0	0	0	32	51	0	0	0	0	0	0	0	0	0	0	0	0	8	0	0	0	0	0	0	0	0	94	0	0	0	0	0	0	0	0	0	16	0	0	0	0	9	0	0	16	0	0	0	0	0	0	0	0	0	0	0	0	0	0	0	0	0	0	0	0	0	0	0	0	0	0
0685f0b0a740e567d2645372418fd452	77	0	28	0	0	29	100	11	11	0	0	0	25	33	0	0	28	20	22	88	74	26	0	0	48	29	9	0	0	0	42	24	81	91	54	47	97	38	0	0	0	0	0	0	77	38	58	43	0	0	0	0	79	24	51	39	65	27	208	103	0	0	0	0	0	0	0	0	0	0	0	0	0	197	0	0	0	0	0	0	0	0	0	0	0	0	97	0	0	0	0	0	0	0	0	96	0	0	0	0	0	0	0	0	0	58	11	0	0	0	9	4	23	99	0	0	0	0	0	0	0	0	0	0	0	0	0	0	0	0	0	0	0	0	0	9	0	0	12	0
0f57e5cd129f15bf00e16ac6db16d435	0	38	62	0	0	0	116	0	0	0	0	0	0	0	0	0	0	0	56	0	0	0	99	114	55	61	63	62	0	0	0	0	102	93	43	0	0	0	0	0	0	0	41	0	52	33	0	0	0	55	47	0	0	0	50	80	78	75	64	81	0	0	0	0	0	0	0	0	0	0	0	0	0	144	0	0	0	0	0	0	0	0	0	0	0	0	0	0	0	0	0	0	0	0	0	61	0	0	0	0	0	0	0	0	0	55	0	0	0	0	0	0	0	105	0	0	0	0	0	0	0	0	0	0	0	0	0	0	0	0	0	0	0	0	0	9	0	0	0	0
12e7b6fa672f5f00526b522d94498493	389	233	118	33	20	101	524	222	41	3	0	432	7	21	48	0	38	180	238	26	415	178	242	218	224	176	211	175	277	138	97	62	242	319	410	233	635	275	9	0	6	5	269	259	10	10	21	19	259	214	17	8	78	22	318	226	151	138	172	78	0	8	2017	266	115	43	0	8	153	429	0	113	157	741	0	0	0	0	0	0	0	0	0	0	0	0	75	0	0	0	0	220	10	0	83	410	68	0	0	0	65	12	31	0	491	321	40	3	133	152	14	31	62	219	4	0	0	4	0	0	0	0	3	118	0	0	4	0	0	0	0	0	174	69	0	11	606	133	19	0
38ee4838cc2e78ad8a4aef7643045f3b	0	0	0	0	0	0	0	0	0	0	0	0	0	0	0	0	0	0	0	0	0	0	0	0	0	0	0	0	0	0	0	0	0	0	0	0	0	0	0	0	0	0	0	0	0	0	0	0	0	0	0	0	0	0	0	0	0	0	0	0	0	0	0	0	0	0	0	0	0	0	0	9	0	78	0	0	0	0	0	0	0	0	0	0	0	0	0	0	0	0	0	0	0	0	0	54	0	0	0	0	0	0	0	0	0	0	0	0	0	0	0	0	0	0	0	0	0	0	0	0	0	0	0	0	0	0	0	0	0	0	0	0	0	0	0	0	0	0	0	0
420db5e671e7a5bf06cca86b500675ed	0	0	0	0	0	0	0	0	0	0	59	0	0	0	0	0	0	0	0	0	98	50	0	0	0	0	0	0	0	0	0	0	0	0	0	0	78	76	127	0	0	0	0	0	0	0	94	76	0	0	0	0	63	0	0	0	0	0	0	0	0	0	0	0	0	0	0	0	0	55	0	0	0	0	0	0	0	0	0	0	0	0	0	0	0	0	50	0	0	0	0	0	11	0	0	0	0	0	0	0	0	0	0	0	0	0	0	0	0	41	0	0	0	0	0	0	0	0	12	0	0	0	0	48	0	0	0	0	0	0	0	0	0	0	0	0	0	0	0	0
6a056796e24637c5bf9f73cb8c175dcc	79	52	41	42	0	101	39	34	15	0	79	78	45	60	41	0	43	20	96	44	113	52	90	105	81	82	160	108	125	66	154	87	72	69	88	62	192	85	14	0	148	67	369	174	87	45	132	116	125	101	0	0	83	14	58	36	179	85	114	42	0	0	0	0	0	0	0	0	31	250	0	29	11	181	0	0	0	0	0	0	0	189	0	0	0	0	0	0	0	0	0	0	0	9	6	116	15	0	0	0	0	0	9	0	0	82	6	0	37	99	10	4	9	97	0	0	0	0	0	0	0	0	0	51	0	0	0	3	0	0	0	0	0	0	0	0	0	0	0	0
868687678319326a09302803e10ce390	0	0	0	0	0	0	0	62	0	0	0	0	0	16	0	26	64	0	94	0	0	0	0	0	0	0	0	0	0	0	0	0	0	0	77	34	0	0	0	0	0	0	0	0	0	0	96	61	0	0	86	31	66	20	0	0	96	48	0	0	0	0	0	0	0	0	0	0	0	0	0	0	0	0	0	0	0	0	0	0	0	0	0	0	0	0	33	0	0	0	0	0	0	0	0	0	0	0	0	0	0	0	0	0	0	0	0	0	0	0	0	0	0	0	0	0	0	0	0	0	0	0	0	0	0	0	0	0	0	0	0	0	0	0	0	0	0	0	0	0
9f9ca1bb6240d0064c9e17db97e0063f	21	0	36	0	0	62	446	29	4	0	7	454	195	265	16	84	174	17	226	145	49	32	7	12	65	63	13	7	10	0	208	115	71	73	59	36	21	9	9	5	5	0	170	162	203	136	450	341	88	98	466	196	307	86	36	26	208	143	612	159	0	11	0	7	205	14	0	0	48	0	0	0	48	167	0	3	0	5	0	0	0	0	0	0	0	0	3723	499	0	0	0	0	115	33	0	48	19	0	11	0	18	15	3	0	241	63	0	3	0	3	29	20	10	8	0	0	3	0	0	3	0	0	0	67	0	0	41	21	0	0	0	0	677	160	0	8	687	222	129	19
a958c48096d8b0378444c48c1f214e09	155	35	0	0	20	97	176	67	80	141	122	71	0	27	0	43	111	14	172	71	179	111	0	0	44	50	101	69	128	81	82	55	93	103	81	104	231	194	195	95	86	91	118	179	0	0	345	179	0	0	69	38	148	38	66	0	165	82	47	0	0	0	0	0	101	85	0	0	84	119	0	42	0	199	0	0	0	0	10	36	46	135	0	0	0	0	90	136	0	39	0	14	0	0	0	62	0	0	0	0	0	0	0	0	0	65	0	0	47	111	0	0	0	126	0	0	0	0	0	0	0	0	0	0	8	0	20	13	0	0	0	0	14	0	0	0	0	36	0	0
ca15d68959d9a2529ccff389f6ea8ab2	0	0	0	0	0	11	16	0	0	0	11	12	0	0	0	0	0	0	11	0	0	0	0	0	0	0	0	11	40	0	0	0	0	0	21	14	0	0	8	0	0	0	14	0	0	0	0	0	0	0	0	0	0	0	0	0	0	0	0	0	0	0	0	0	0	0	0	0	0	28	0	0	0	0	0	0	0	0	0	0	0	0	0	0	0	0	0	0	0	0	0	0	0	72	0	0	0	0	0	0	0	0	0	0	0	0	0	0	0	0	0	0	0	0	0	0	0	0	0	0	0	0	0	0	0	0	0	0	0	0	0	0	0	0	0	0	0	0	0	0
ca98ce2e8b4987a335f5db5bc56aadb3	0	25	57	44	0	21	180	31	0	27	0	0	0	0	32	32	0	0	62	48	0	0	56	60	70	60	97	94	74	25	51	43	70	124	86	67	0	0	0	40	0	0	55	82	25	25	0	0	0	29	73	25	0	0	60	40	137	69	55	32	0	0	0	0	0	32	0	0	23	54	0	0	0	166	0	0	0	0	0	0	0	0	0	0	0	0	0	0	0	0	0	0	0	0	0	61	0	0	0	0	0	0	0	0	0	105	0	0	0	55	0	12	0	107	0	0	0	0	0	23	0	0	0	0	0	0	0	0	0	0	0	0	0	0	0	0	0	0	0	0
dff6c70b92c096b3d47c5165a6a1dccc	0	34	32	0	0	0	113	43	0	0	0	0	52	0	0	0	0	0	51	0	0	0	0	0	54	47	66	50	46	33	34	27	95	63	40	29	0	0	0	0	0	0	35	35	0	17	0	0	55	0	28	26	0	0	52	0	85	80	63	0	0	0	0	0	0	41	0	8	0	51	0	0	0	138	0	0	0	0	0	0	0	0	0	0	0	0	0	0	0	0	0	0	0	0	60	129	0	0	0	0	0	0	21	0	0	88	0	0	0	44	0	0	0	88	0	0	0	0	0	0	22	0	0	0	0	0	0	0	0	0	0	0	0	0	0	0	43	0	0	0
fba2b8daf57ec44a11e725314c993322	565	229	177	52	40	306	309	364	155	0	0	657	130	348	91	134	532	239	506	191	951	546	503	414	270	251	453	313	703	342	355	267	370	412	565	507	496	661	15	14	17	17	480	962	62	141	511	646	71	173	287	172	750	162	564	279	768	599	408	192	0	0	58	40	0	99	0	3	122	870	0	96	0	829	0	0	0	0	0	0	0	0	0	0	0	0	432	124	0	31	0	0	31	13	109	350	42	13	11	0	6	11	34	0	12	195	14	0	105	365	23	15	24	226	0	5	0	3	0	0	0	0	0	243	0	5	7	58	0	0	0	0	21	35	10	49	75	0	0	0
10dd7b5f83403770586a7228dcad038f	156	6	74	122	8	156	305	193	80	140	124	67	47	29	33	115	109	0	194	202	337	194	16	0	206	202	657	466	261	135	221	178	296	358	386	282	390	371	351	170	139	119	225	245	108	74	320	234	43	66	374	167	210	31	297	128	325	254	531	231	0	25	0	12	0	14	0	0	138	352	0	71	0	629	0	0	0	0	11	0	11	39	0	0	0	0	109	0	0	0	0	0	19	17	22	158	0	0	0	0	0	14	0	0	23	230	0	0	35	181	10	13	19	319	0	0	0	0	0	17	0	27	0	124	0	0	15	14	0	0	0	0	10	0	0	13	21	27	20	0
297fbbd26de94f3bd098dae8bbb720d7	58	46	22	17	7	32	66	37	11	0	0	43	17	24	12	0	15	12	43	29	61	25	68	41	50	44	47	29	37	30	74	56	64	60	75	53	121	42	0	0	0	0	56	57	28	13	39	35	33	22	0	0	39	8	46	17	64	55	110	67	0	0	0	8	0	0	0	0	14	68	0	3	20	167	0	0	0	0	0	0	0	0	0	0	0	0	0	19	0	0	0	32	0	0	7	0	0	0	0	0	0	0	9	0	5	59	0	0	8	20	0	0	5	49	0	0	0	0	0	0	0	0	0	0	0	0	0	0	0	0	0	0	0	0	0	0	4	8	0	0
beda9dac3b1bf7cafc47cf8c82773a83	30	34	19	20	0	113	68	117	21	30	29	29	45	37	35	57	116	60	28	73	542	3895	572	4645	226	1482	480	3930	251	860	415	4424	393	2493	370	5556	765	5265	181	3416	119	460	565	1657	258	2112	425	1059	254	2847	422	1839	557	233	499	1907	341	2406	664	2285	18	12	168	50	0	0	0	59	537	7482	32	154	360	11195	4	4	0	11	5	3	0	5	0	0	0	0	16	19	2	9	0	0	11	0	235	379	83	0	16	82	7	21	25	0	35	1819	60	5	279	2263	73	198	62	722	9	26	0	11	0	4	0	14	0	155	5	7	11	3	8	0	0	8	19	0	4	29	51	209	0	5
5b545bfc53fcaa8c931b38ca639b8723	25	0	0	23	0	0	11	0	14	12	47	93	22	19	11	13	15	13	6	14	70	14	5	0	0	7	68	36	85	20	16	0	11	8	0	0	89	22	11	7	51	7	50	20	23	17	22	25	9	6	20	12	23	4	23	9	12	0	31	13	24	0	0	0	19	0	0	0	0	38	0	0	0	15	0	0	0	0	14	0	109	0	0	0	0	0	53	0	0	0	0	0	31	0	0	0	0	0	0	0	23	0	0	0	3	11	0	0	26	37	3	0	0	0	0	0	0	0	7	0	11	3	0	0	0	0	10	0	0	0	0	0	18	0	0	0	0	4	10	0
5292c821cfe1acf95776f9c23c584867	67	0	56	0	0	0	150	34	26	0	0	181	61	0	41	0	95	27	111	109	161	67	0	0	61	48	5	0	0	6	0	8	85	78	85	48	71	101	0	0	0	0	92	93	29	47	96	143	32	66	4	0	126	24	169	90	75	62	173	56	0	0	0	0	0	0	0	0	6	0	0	0	0	99	0	0	0	0	0	0	0	0	0	0	0	0	61	13	0	0	0	0	0	0	0	141	0	0	0	0	0	0	0	0	0	85	0	0	0	7	0	0	0	39	0	0	0	0	0	0	0	0	0	0	0	0	0	0	0	0	0	0	0	0	0	12	0	0	0	0
09f07b432611ac2f66e8a2ae91ef4a05	0	0	15	0	0	0	37	0	0	0	54	0	0	0	0	0	29	0	52	0	29	0	34	26	19	0	19	0	0	0	32	0	29	30	0	18	51	22	0	0	50	0	39	23	21	0	21	25	0	0	0	0	35	0	0	0	55	33	21	0	0	0	0	0	0	0	0	0	0	0	0	0	0	44	0	0	0	0	0	0	0	0	0	0	0	0	0	0	0	0	0	0	0	0	0	18	0	0	0	23	0	0	0	0	0	28	0	0	0	0	0	0	0	35	0	0	0	0	0	0	0	0	0	0	0	3	0	0	0	0	0	0	0	0	0	0	0	0	0	0
b529b759386d6c6ec7fc790ed5455482	13	19	9	7	0	9	41	17	0	78	0	12	18	4	0	40	21	0	7	0	33	12	16	16	11	0	16	11	32	12	13	11	18	26	14	14	33	17	78	40	0	0	29	24	35	13	53	45	17	15	68	19	8	9	20	0	19	0	12	0	0	0	0	0	0	0	0	0	7	24	0	0	0	42	0	0	0	0	0	0	0	0	0	0	0	0	0	0	0	0	0	0	0	0	0	8	0	0	0	0	0	0	11	0	0	0	7	0	0	26	0	0	0	30	0	0	0	0	0	0	0	0	0	0	0	0	0	0	0	0	0	0	0	0	0	0	0	0	0	0
e614dc4a4a2cc846e7c4c8a374523ca4	0	0	26	0	0	56	20	23	17	39	16	0	14	12	17	0	30	10	15	0	60	34	47	45	41	41	37	39	40	26	72	41	34	21	76	43	137	39	53	14	70	0	42	19	27	31	45	32	27	31	21	0	32	7	42	31	45	33	18	23	0	0	0	0	0	0	0	0	40	35	0	0	0	44	0	0	0	0	0	0	0	0	0	0	0	0	0	0	0	0	0	0	0	0	0	41	0	0	0	0	0	0	0	0	0	26	9	0	4	0	0	0	0	17	0	0	0	0	0	0	0	0	0	0	0	0	0	0	0	0	0	0	0	0	0	0	0	0	0	0
f2f9e78c08c77f67d6742362a6613f99	22	33	20	0	0	28	27	0	0	0	38	30	0	0	0	20	0	0	21	29	27	0	33	26	16	0	26	0	24	0	18	0	20	17	23	0	18	14	0	0	0	15	16	30	0	0	0	0	0	21	22	25	0	0	34	0	21	0	33	0	0	0	0	0	0	0	0	0	0	21	0	0	0	59	0	0	0	0	0	0	0	0	0	0	0	0	0	0	0	0	0	0	0	0	0	0	0	0	0	0	0	0	0	0	0	11	0	0	0	24	0	0	0	25	0	0	0	0	0	0	0	0	0	0	0	0	0	0	0	0	0	0	0	0	0	0	0	0	0	0
89b3dca141878c72b49966cdbbe62d31	85	85	104	46	14	232	192	79	59	131	174	72	45	18	43	120	125	22	169	125	242	77	198	161	145	129	223	178	247	87	296	169	235	188	87	40	280	120	189	65	178	77	241	203	61	41	186	180	41	70	188	100	130	24	197	84	265	105	321	132	0	0	0	24	0	28	0	0	92	158	0	30	0	313	0	0	0	0	8	0	18	78	0	0	0	0	0	3	0	95	0	25	0	0	15	67	21	0	0	0	0	0	0	0	7	71	0	0	48	89	0	11	21	103	0	0	0	0	0	7	0	0	0	33	0	0	0	0	0	0	0	0	0	0	0	11	0	13	0	0
8e53b0a0a0caf26211ef9cf398046a1e	70	86	69	32	0	109	229	135	42	196	262	159	46	22	61	107	107	15	126	97	296	93	151	178	123	108	152	130	146	61	139	76	230	220	203	140	108	77	289	134	148	58	344	274	110	64	241	223	84	147	161	83	119	34	150	80	150	85	296	86	0	0	85	0	0	0	0	0	67	86	0	30	11	343	0	0	0	0	0	0	9	81	0	0	0	0	0	0	0	74	0	25	0	0	0	68	0	0	0	0	0	13	16	0	0	69	12	0	18	82	10	0	0	91	0	0	0	0	12	0	0	13	0	45	0	0	0	0	0	3	0	0	0	0	0	0	0	0	0	3
b6a32368dd0383895365123a947ade68	7	0	6	15	0	20	30	10	32	0	0	7	17	45	44	34	23	37	13	52	64	9	32	20	30	7	53	17	45	10	42	25	41	36	28	8	103	19	0	0	0	0	31	29	33	8	48	22	25	21	36	19	29	6	45	9	43	8	53	16	0	0	0	0	0	0	0	0	23	23	0	0	0	82	0	0	0	0	0	0	0	0	0	0	0	0	0	0	0	0	0	0	0	0	0	9	0	0	0	0	0	0	0	0	0	13	0	0	0	8	0	0	0	13	0	0	0	0	0	0	0	0	0	0	0	0	0	0	0	0	0	0	0	0	0	0	0	0	0	0
a05be164f339e5ddfb384d253819ef3c	87	62	54	0	0	81	171	123	30	70	188	358	61	64	20	51	78	114	137	78	133	53	126	94	65	58	0	0	0	0	111	64	106	100	79	68	276	79	68	31	128	51	117	118	81	65	115	126	83	75	87	49	99	27	139	57	131	76	252	80	130	0	550	21	0	28	0	0	14	0	0	33	0	172	0	0	0	0	13	0	34	9	0	0	0	0	168	0	0	0	0	33	9	14	8	20	0	0	0	0	0	0	9	0	13	69	0	0	0	0	0	0	0	67	0	0	0	0	3	14	0	7	0	7	0	0	0	4	0	0	0	0	32	0	0	5	33	19	10	0
902505fbe59b6bec849d4f533229fe08	45	73	74	30	0	90	28	61	26	15	110	0	66	0	0	82	41	0	137	0	110	53	79	90	76	91	126	128	167	90	125	91	35	32	92	86	146	76	42	18	44	35	0	0	88	109	122	156	0	0	108	55	83	18	0	0	127	49	0	0	0	0	0	0	0	0	0	0	65	108	0	55	0	33	0	0	0	0	0	0	24	0	0	0	0	0	0	0	0	0	0	0	2	0	0	0	0	0	0	0	0	0	0	0	0	487	0	0	49	84	19	24	0	0	0	0	0	0	0	0	0	0	0	0	0	0	0	14	0	0	0	0	0	0	0	0	0	18	0	0
10ac7f46641443e5a1761723846e18bd	55	83	105	26	0	177	375	93	53	0	173	43	53	28	74	15	169	68	270	170	178	35	143	121	152	159	195	99	69	16	265	144	269	303	210	127	313	154	15	8	73	36	292	203	113	72	193	156	140	174	34	10	214	38	319	120	367	162	530	158	0	0	0	0	0	0	0	0	74	42	0	53	24	347	0	0	0	20	0	0	0	29	0	0	0	0	0	13	0	41	0	0	0	0	24	117	0	0	7	0	0	0	27	0	0	166	0	3	13	32	0	9	0	132	0	0	0	0	0	0	5	0	0	62	3	0	4	0	0	0	0	5	5	0	0	0	15	0	0	0
a6881dc765fad443adc37416dedbf0bd	26	35	78	32	15	124	183	47	66	239	505	44	79	21	79	103	52	46	108	242	390	86	251	205	170	128	193	133	387	105	171	82	140	138	144	74	205	169	441	169	166	138	265	186	97	107	252	195	108	159	172	52	167	31	363	115	230	78	646	135	0	0	0	0	0	0	0	0	106	154	0	49	0	271	0	0	0	0	0	0	0	92	0	0	0	0	13	0	0	30	0	0	0	0	33	187	7	0	0	0	0	0	37	0	5	129	0	0	29	107	0	0	13	47	0	0	0	0	0	4	8	15	0	50	0	0	0	0	0	0	0	0	0	0	0	0	0	41	0	0
d4656607d991fa3cdf75156062d47827	0	22	13	6	0	13	36	9	13	0	0	9	11	0	20	0	26	11	28	21	45	17	34	25	24	30	40	21	27	12	18	9	36	32	19	12	79	18	0	0	0	0	26	33	20	11	50	26	15	25	0	0	26	0	40	24	52	16	61	26	0	0	0	0	0	10	0	0	0	32	0	11	0	44	0	0	0	0	0	0	0	0	0	0	0	0	0	0	0	0	0	46	0	0	0	89	0	0	0	0	0	0	8	0	0	30	0	0	0	19	0	0	0	25	0	0	0	0	0	0	0	0	0	12	0	0	0	0	0	0	0	0	0	0	0	0	0	0	0	0
abf098f2d9f01785ee63ee68ae59fd2b	0	14	13	0	0	18	86	15	9	0	0	0	11	0	0	0	11	10	42	21	49	15	39	27	27	25	11	0	40	20	47	21	46	51	31	18	35	22	0	0	0	0	0	0	44	38	0	0	0	0	0	0	22	5	64	22	54	38	71	13	0	0	28	0	0	57	0	0	0	39	0	0	0	86	0	0	0	0	0	0	0	0	0	0	0	0	0	0	0	0	0	0	0	0	0	20	0	0	0	0	0	0	0	0	0	12	0	0	0	50	0	0	0	44	0	0	0	0	0	0	0	0	0	0	0	0	0	0	0	0	0	0	0	0	0	0	0	0	0	0
776bea930f56237625e5e187e85c9e66	0	27	29	0	0	13	123	0	17	80	121	94	0	20	0	18	23	0	120	23	30	0	76	65	14	20	52	74	43	16	48	29	55	103	16	0	24	0	85	87	118	32	93	88	0	0	82	37	25	30	50	20	35	0	0	0	144	77	71	28	0	0	0	35	0	4	0	0	72	34	0	0	0	174	0	0	0	0	4	0	36	49	0	0	0	0	28	0	0	0	0	0	0	0	0	0	0	0	0	0	0	0	0	0	0	52	0	0	0	19	0	0	10	22	0	0	0	0	0	5	0	0	0	26	0	0	0	0	0	0	0	0	0	0	0	20	0	0	0	0
8392427dc7cb0389b02b80fb4610565e	0	0	11	0	0	113	192	52	34	0	0	10	0	17	0	0	41	18	92	0	0	0	0	0	34	25	0	0	0	0	157	66	169	157	65	41	90	102	0	0	0	0	161	199	0	0	216	186	0	0	0	0	111	23	240	81	134	83	0	0	0	0	0	24	0	0	0	0	36	0	0	14	0	380	0	0	0	0	0	0	0	0	0	0	0	0	47	8	0	0	0	0	0	0	8	101	0	0	0	0	0	0	0	0	0	58	0	0	0	0	5	0	8	102	0	0	0	0	0	0	0	0	0	43	0	0	0	0	0	0	0	0	0	0	0	0	0	0	0	0
9185110189bb9414257def1c792fcee3	0	0	0	0	0	0	0	0	0	0	0	0	0	0	0	7	0	0	0	14	13	0	0	0	0	0	0	0	0	0	0	0	0	0	0	0	0	0	0	0	0	0	10	8	17	14	0	0	0	0	21	0	0	0	17	0	0	0	21	0	0	0	0	0	0	0	0	0	0	0	0	0	0	14	0	0	0	0	0	0	0	0	0	0	0	0	0	0	0	0	0	0	0	0	0	17	0	0	0	0	0	0	0	0	0	0	0	0	0	0	0	0	0	17	0	0	0	0	0	0	0	0	0	0	0	0	0	0	0	0	0	0	0	0	0	0	0	0	0	0
93f4d64afe2ceae00c5c2406e63bd856	0	34	24	20	5	138	85	188	31	0	0	8	22	0	77	46	21	35	73	135	120	39	80	55	75	71	88	56	145	89	160	152	161	166	179	440	10	296	0	0	0	0	77	184	0	47	31	55	11	231	42	64	39	22	180	124	84	106	196	193	0	0	0	0	0	0	0	0	50	209	0	40	0	262	0	0	0	0	0	0	0	0	0	0	0	0	0	0	0	0	0	0	0	0	0	101	0	0	0	0	0	0	0	0	0	95	0	0	0	66	0	8	0	43	0	0	0	0	0	0	0	0	0	20	0	0	0	0	0	0	0	0	0	0	0	0	0	0	0	0
b833072a1e068efc4eec7e9685db86db	154	147	185	133	16	279	684	143	76	283	352	157	102	28	109	454	254	35	241	274	591	174	157	122	184	131	442	304	330	143	248	125	711	565	221	133	111	174	333	108	53	77	316	337	68	136	211	154	61	102	829	352	203	41	139	50	298	130	574	212	0	4	13	8	0	0	0	8	136	266	0	40	12	1210	0	0	0	0	0	0	0	157	0	0	0	0	31	27	0	0	0	25	0	0	0	116	0	0	0	0	6	0	21	0	0	255	9	0	40	201	11	11	23	459	3	0	0	0	0	4	10	16	0	60	0	0	9	2	0	0	0	0	0	0	3	9	23	5	0	0
df1edc3055b3ce1bc484745e9c49f083	11	79	79	27	7	86	170	82	13	0	5	12	64	9	49	0	32	0	103	39	45	13	125	81	113	110	119	89	138	51	142	55	86	82	90	68	16	36	0	0	0	0	99	121	0	26	43	29	0	62	0	0	34	0	72	12	148	55	94	36	0	0	0	0	13	6	0	0	0	120	0	0	0	197	0	0	0	0	0	0	0	0	0	0	0	0	0	0	0	0	0	0	0	0	0	21	0	0	0	0	0	0	10	0	0	85	0	0	0	96	0	0	0	85	0	0	0	0	0	0	0	0	0	85	0	0	0	0	0	0	0	0	0	0	0	0	0	9	0	0
fefdc37710a30ca2eece28824a5e3910	0	7	14	7	0	16	13	0	12	0	0	0	6	0	0	0	15	5	11	18	49	20	49	41	42	18	52	32	47	21	39	10	22	23	15	8	23	33	0	0	0	0	26	27	8	16	17	17	7	10	0	0	17	4	68	11	22	15	78	20	0	0	0	0	0	0	0	0	7	21	0	0	0	45	0	0	0	0	0	0	0	0	0	0	0	0	0	0	0	0	0	0	0	0	0	22	0	0	0	0	0	0	0	0	0	0	0	0	0	27	0	0	0	10	0	0	0	0	0	0	0	0	0	0	0	0	0	0	0	0	0	0	0	0	0	0	0	0	0	0
96d3ae5d507cb2a655ed8e37a0b6f653	81	79	76	38	15	133	281	97	41	0	224	105	58	37	67	71	101	40	112	92	134	87	156	120	140	80	118	91	180	57	236	108	206	200	180	108	151	63	0	0	109	55	155	140	65	43	162	147	73	76	138	58	89	28	261	86	159	93	310	145	0	0	0	0	0	0	0	0	117	128	0	112	21	309	0	0	0	0	0	0	17	0	0	0	0	0	0	0	0	0	0	62	0	0	46	266	46	0	0	0	4	0	21	0	0	76	0	0	24	63	0	0	0	121	0	0	0	0	0	0	10	0	0	30	0	0	0	0	0	0	0	0	10	0	0	0	0	0	6	0
98afab18d993f8ea6af94e153e3916f6	13	10	0	7	0	30	26	11	11	5	0	7	16	0	16	15	4	10	13	7	26	23	0	0	5	11	14	7	22	16	47	60	19	9	10	8	40	26	0	0	0	0	26	21	28	17	30	12	56	70	65	19	17	0	6	9	23	15	83	42	0	0	0	0	0	0	0	0	13	25	0	27	0	11	0	0	0	0	0	0	0	0	0	0	0	0	0	0	0	0	0	0	0	0	0	0	0	0	0	0	0	0	0	0	0	57	0	0	8	47	19	0	0	0	0	0	0	0	0	0	0	0	0	11	0	0	0	0	0	0	0	0	0	0	0	17	8	5	0	0
eb3fee22a213a8bff127cde1bc0622b6	19	37	120	42	2	320	341	241	24	85	119	123	61	54	121	140	143	97	60	253	81	42	97	90	174	294	209	258	108	77	491	437	507	453	244	397	209	149	156	168	135	86	231	225	121	178	246	232	447	559	325	172	214	75	226	202	77	66	1139	466	0	0	23	6	0	0	0	6	208	170	0	29	63	895	0	0	0	0	0	0	0	31	0	0	0	0	0	0	0	0	0	0	0	0	133	56	101	0	34	5	0	5	10	0	11	1332	32	0	52	288	181	151	68	331	0	0	0	0	5	6	3	0	0	69	0	0	4	0	0	0	0	0	11	0	0	16	0	27	10	0
7e48b305ebd79779f2e773f3dd400d68	533	301	482	258	0	634	1599	47	187	17	1225	1616	190	121	241	365	416	13	868	413	1335	419	906	769	823	689	1077	749	27	16	1027	585	1083	1022	0	21	960	859	39	23	116	321	1211	1022	156	121	882	600	372	604	906	487	398	109	29	39	844	444	1532	701	134	37	4173	60	867	580	0	0	215	6	0	140	14	1182	33	0	0	10	0	0	602	210	0	0	0	0	2042	351	0	0	0	0	41	112	0	0	111	97	32	0	48	26	28	18	118	656	12	0	0	17	21	25	33	542	6	4	0	10	0	0	80	47	5	193	0	0	31	88	0	0	0	10	63	45	0	18	36	56	29	7
5a631d72dd9a6199bb4915441887ef1d	19	36	0	0	0	0	0	0	0	546	105	0	41	0	0	0	0	89	0	0	36	0	57	57	0	0	0	0	0	0	0	0	0	0	0	0	0	0	480	185	45	0	0	0	0	65	0	0	0	0	0	0	0	0	188	100	19	0	54	0	0	0	509	0	0	0	0	0	0	0	0	11	0	0	0	0	0	0	230	0	0	0	0	0	0	0	50	0	0	0	0	0	0	0	85	90	0	0	0	0	0	0	9	0	0	40	0	0	0	0	0	0	0	0	0	0	0	0	132	138	30	16	0	0	0	0	0	0	0	6	0	0	0	26	6	10	0	0	0	0
80774e3dbebe257a26fed02a4579e2b4	6	8	0	11	0	35	45	49	14	50	41	110	31	9	20	32	33	26	34	14	70	69	61	173	29	73	41	83	52	38	45	73	54	114	55	77	89	98	33	64	36	30	72	118	43	74	47	48	53	92	77	56	54	22	65	115	41	95	100	46	0	0	69	0	0	27	0	0	22	108	0	0	0	269	0	0	0	0	0	0	0	0	0	0	0	0	32	0	0	0	0	17	0	0	7	0	0	0	0	0	0	0	0	0	0	108	0	0	17	47	0	0	5	25	0	0	0	0	0	0	0	0	0	0	0	0	0	0	0	0	0	0	0	0	0	7	0	19	0	0
9d74a7f408ffedaf803c708e09663a5b	21	36	10	0	0	30	32	70	15	32	28	0	12	0	14	0	53	64	77	28	34	0	121	73	15	10	0	0	74	41	38	16	17	19	188	112	56	24	36	14	7	9	0	0	27	20	0	0	16	25	0	0	29	0	150	72	38	18	64	42	0	0	160	0	0	0	0	0	39	88	0	9	0	32	0	0	0	0	0	0	0	0	0	0	0	0	0	0	0	0	0	0	6	0	10	148	0	0	0	0	0	0	19	0	0	9	0	0	15	38	0	0	0	10	0	0	0	0	0	0	0	0	0	0	0	0	0	0	0	0	0	0	0	0	0	0	0	0	0	0
f4b9dde469fd62deb1abeed6b91eafa1	19	42	18	0	0	25	0	88	0	501	135	0	0	32	0	20	53	91	29	30	44	33	66	87	13	19	0	17	233	89	21	16	0	0	177	103	52	33	504	211	38	39	0	0	62	0	51	38	12	13	49	18	50	10	181	123	0	17	0	0	0	0	449	0	0	54	0	0	41	107	0	0	0	0	0	0	0	0	231	41	48	0	0	0	0	0	0	0	0	0	0	0	4	10	0	56	0	0	0	0	0	7	0	0	17	0	0	0	27	109	0	0	0	19	0	0	0	0	113	83	0	0	0	0	0	0	0	0	0	0	0	0	28	0	0	0	0	4	0	0
9a8592fe7c52b0cb2610c86f5a365eb0	0	4	0	0	0	33	27	0	0	0	0	0	0	0	5	0	8	0	12	0	0	0	20	11	12	12	0	0	20	10	31	17	20	21	0	0	0	0	0	0	0	0	0	0	0	0	0	0	0	25	0	0	6	0	0	0	20	26	0	0	0	0	0	0	0	0	0	0	0	16	0	0	20	32	0	0	0	0	0	0	0	0	0	0	0	0	0	0	0	0	0	0	0	0	0	0	0	0	0	0	0	0	0	0	0	3	0	0	0	10	0	0	0	34	0	0	0	0	0	0	0	0	0	0	0	0	0	0	0	0	0	0	0	0	0	0	0	0	0	0
15c4384c3a176efe6eac7bf5c44d45b8	0	0	0	0	0	29	0	0	0	0	0	23	0	0	0	0	0	0	0	0	0	0	0	0	0	0	0	0	0	0	0	0	42	0	0	0	0	0	0	0	0	0	0	45	0	0	0	0	0	0	0	0	0	0	43	0	0	0	44	0	0	0	0	0	0	0	0	0	0	0	0	0	2	76	0	0	0	0	0	0	0	0	0	0	0	0	0	0	0	0	0	0	0	0	0	0	0	0	0	0	0	0	0	0	0	0	0	0	13	0	0	0	0	0	0	0	0	0	0	0	0	0	0	0	0	0	0	0	0	0	0	0	0	0	0	0	0	0	0	0
84c2b2a5c162438f7c3a10816b208fba	0	0	0	7	0	0	0	8	0	0	0	0	0	0	0	0	0	0	0	0	0	0	4	0	0	0	8	6	49	18	0	0	0	0	41	24	0	0	0	0	0	0	0	0	0	0	0	0	0	0	0	0	0	0	0	0	0	0	0	0	0	0	0	0	0	0	0	0	8	26	0	5	0	0	0	0	0	0	0	0	0	0	0	0	0	0	0	0	0	0	0	0	0	0	0	0	0	0	0	0	0	0	0	0	0	0	0	0	8	25	0	0	0	0	0	0	0	0	0	0	0	0	0	0	0	0	0	0	0	0	0	0	0	0	0	0	0	0	0	0
943e10e716002ca836f9f5e3278a6621	55	40	35	24	0	53	86	43	27	31	72	0	27	10	29	0	51	11	49	74	112	37	88	74	131	98	139	99	62	65	71	78	114	120	113	81	50	92	59	37	16	78	80	74	46	36	74	67	32	70	0	5	73	27	91	77	83	46	105	77	0	0	39	0	0	0	0	0	36	139	0	34	0	173	0	0	0	3	0	0	0	25	0	0	0	0	0	0	0	0	0	0	3	0	2	75	0	0	0	0	0	0	5	0	0	80	0	0	0	69	0	11	7	74	0	0	0	0	0	0	0	0	0	16	0	0	0	0	0	0	0	0	0	0	0	0	0	11	0	0
50fadc1d0d8871fc2aa411188e84e269	0	0	0	15	0	0	7	12	0	0	0	0	14	0	6	0	0	0	0	0	0	0	4	5	6	0	7	6	7	4	14	13	6	3	0	0	9	0	0	0	0	0	4	6	9	0	0	0	4	5	0	0	8	0	0	0	0	0	0	0	0	0	0	0	0	0	0	0	0	0	0	0	0	0	0	0	0	0	0	0	0	0	0	0	0	0	0	0	0	0	0	0	0	0	0	0	0	0	0	0	0	0	0	0	0	7	0	0	0	7	0	0	0	0	0	0	0	0	0	0	0	0	0	0	0	0	0	0	0	0	0	0	0	0	0	0	0	0	0	0
a9128753dca35bb629f1fa84a6f8f064	19	12	6	0	0	20	30	5	10	61	82	21	16	12	10	18	20	16	22	37	51	31	31	28	15	23	31	29	20	18	27	28	31	30	19	23	91	33	66	37	106	31	48	48	21	22	27	22	53	47	50	21	29	13	28	22	33	37	61	59	0	0	0	0	0	0	0	0	11	76	0	0	0	159	0	0	0	0	5	0	0	217	0	0	0	0	22	0	0	0	0	0	2	0	6	0	0	0	0	0	0	0	5	0	0	18	2	0	10	18	8	0	0	76	0	0	0	0	8	0	8	0	0	0	0	0	3	0	0	0	0	0	3	70	0	11	0	0	0	0
207aeb727b65721b4e6437c671e960c5	0	13	10	8	3	0	37	8	5	0	0	61	8	9	6	7	8	11	17	6	0	0	20	18	26	17	21	15	19	10	0	0	21	20	22	11	33	17	0	0	0	0	15	8	24	4	22	11	26	23	20	4	13	4	33	14	14	16	30	8	0	0	77	0	16	0	0	0	0	14	0	0	4	41	0	0	0	0	0	0	0	0	0	0	0	0	48	10	0	0	0	0	0	0	0	0	17	0	0	0	0	0	0	0	14	12	0	0	0	0	0	0	0	17	0	0	0	0	0	0	0	0	0	0	0	0	0	0	0	0	0	0	15	0	0	3	12	0	0	0
28c485658f2b55b80831a82657297cf2	0	0	0	0	0	0	0	0	0	0	0	0	0	5	0	0	5	6	0	0	0	0	5	5	0	3	6	0	4	0	0	0	0	0	0	0	0	0	0	0	0	0	0	0	6	0	3	8	0	0	2	0	0	0	10	10	0	0	20	9	0	0	27	0	0	0	0	0	0	0	0	0	0	0	0	0	0	0	0	0	0	0	0	0	0	0	7	0	0	0	0	0	0	0	3	13	0	0	0	0	0	0	0	0	4	0	0	0	0	0	0	0	0	0	0	0	0	0	0	0	0	0	0	0	0	0	0	0	0	0	0	0	3	21	0	0	0	0	3	0
548ecb0e165845e82e5ff17d050369e2	4	0	5	16	0	14	28	65	17	51	38	36	30	23	15	17	10	14	12	31	12	8	21	10	7	0	25	13	16	7	18	0	9	18	17	17	14	8	21	10	24	0	17	13	11	9	9	5	10	5	26	6	8	0	8	11	0	4	25	0	0	0	10	0	0	0	0	0	6	13	0	0	0	27	0	0	0	0	0	0	12	0	0	0	0	0	3	0	0	0	0	0	0	0	0	0	0	0	0	0	0	0	0	0	0	0	0	0	4	0	0	0	0	8	0	0	0	0	0	0	0	0	0	0	0	0	0	0	0	0	0	0	2	0	0	0	0	0	0	0
cafec65c803c8f0b7e11bdc1d7d5b482	32	30	15	11	3	34	95	26	11	5	43	116	25	25	17	0	38	28	41	26	123	20	64	39	55	46	70	54	58	21	55	22	96	101	55	32	213	104	6	0	37	11	92	58	81	36	65	51	64	54	3	5	77	12	99	53	60	39	130	66	0	2	68	0	17	12	0	0	5	57	0	9	0	143	0	0	0	0	0	0	68	0	0	0	0	0	43	20	0	0	0	0	0	0	19	36	0	0	0	0	3	0	0	0	7	10	0	0	11	27	10	0	0	48	0	0	0	0	0	0	4	0	3	0	0	0	0	0	0	0	0	0	0	0	0	0	6	16	5	0
1caf8b7ccb50032f2d7649c090f376c2	0	0	0	0	0	0	0	0	0	0	0	0	0	0	0	0	0	0	0	0	0	0	0	0	9	0	0	0	0	0	0	0	0	0	0	0	0	0	0	0	0	0	0	0	0	0	0	0	0	0	0	0	0	0	0	0	0	0	0	0	0	0	0	0	0	0	0	0	0	0	0	0	0	0	0	0	0	0	0	568	0	0	0	0	0	0	0	0	0	0	0	0	0	0	0	0	0	0	0	0	0	0	0	0	0	0	0	0	0	0	0	0	0	0	0	0	0	0	0	0	0	0	0	0	0	0	0	0	0	0	0	0	0	0	0	0	0	0	0	0
4af742c077ce95f2669a20d8ca55e226	0	0	0	6	0	0	0	6	0	0	0	0	5	6	0	0	0	6	0	0	0	14	5	0	0	8	0	0	0	0	0	14	0	55	0	15	11	0	10	7	0	0	8	4	0	0	9	3	0	0	0	0	0	0	6	0	0	9	0	9	14	78	13	22	5	0	0	0	13	13	34	9	0	9	0	25	11	33	11	3063	7	0	0	0	0	9	0	14	19	8	0	8	14	9	0	7	20	19	0	0	7	100	12	14	5	27	21	13	6	30	22	23	24	19	9	25	9	27	8	6	0	10	11	17	0	11	4	35	0	19	0	36	0	20	0	168	12	0	0	11
a3b5cd84bfb6f92499767960d058bef1	0	0	0	0	0	0	0	4	4	0	0	0	0	0	0	0	10	0	7	4	8	10	0	0	0	0	12	9	9	0	0	0	13	62	9	0	8	21	0	0	6	0	6	10	6	0	0	0	13	18	18	0	9	0	0	11	12	0	8	0	0	84	13	17	14	35	25	8	17	31	45	9	11	0	22	0	9	54	12	3425	0	18	9	8	10	12	6	21	20	14	9	18	8	10	0	9	19	33	4	5	10	103	19	16	11	41	12	56	9	27	20	72	25	25	14	28	13	28	8	8	20	13	5	28	12	21	8	38	16	18	0	44	27	28	4	192	25	17	5	12
177babd43f56c819cf2041c3c0db9749	0	0	0	0	0	0	0	0	0	0	5	0	2	0	0	0	0	0	0	0	0	0	0	0	2	0	5	0	0	3	0	6	0	22	0	5	0	7	0	0	0	0	3	0	0	0	4	0	0	3	0	0	0	0	0	0	0	0	7	0	0	27	5	0	0	0	12	0	0	8	0	6	0	7	0	0	7	19	0	1308	0	0	0	0	0	0	0	6	5	0	0	8	0	0	0	0	0	13	0	0	0	34	0	0	0	6	7	3	0	5	9	3	13	9	10	11	0	13	4	0	0	6	0	0	2	6	5	0	0	9	0	0	7	8	0	58	0	0	0	0
