#OTU ID	F_Mut414_10	F_Mut432_10	F_Mut444_10	F_Mut463_10	F_Mut464_10	F_Mut476_10	F_Mut478_10	F_Mut495_10	F_Mut505_10	F_Mut518_10	F_Mut534_10	F_Mut538_10	F_Mut542_10	F_Mut564_10	F_Mut571_10	F_Mut572_10	F_Mut577_10	F_Mut414_CC	F_Mut414_CL	F_Mut432_CC	F_Mut432_CL	F_Mut444_CC	F_Mut444_CL	F_Mut463_CC	F_Mut463_CL	F_Mut464_CC	F_Mut464_CL	F_Mut476_CC	F_Mut476_CL	F_Mut478_CC	F_Mut478_CL	F_Mut495_CC	F_Mut495_CL	F_Mut505_CC	F_Mut505_CL	F_Mut518_CC	F_Mut518_CL	F_Mut534_CC	F_Mut534_CL	F_Mut538_CC	F_Mut538_CL	F_Mut542_CC	F_Mut542_CL	F_Mut564_CC	F_Mut564_CL	F_Mut571_CC	F_Mut571_CL	F_Mut572_CC	F_Mut572_CL	F_Mut577_CC	F_Mut577_CL	F_Mut414_DC	F_Mut414_DL	F_Mut432_DC	F_Mut432_DL	F_Mut444_DC	F_Mut444_DL	F_Mut463_DC	F_Mut463_DL	F_Mut464_DC	F_Mut464_DL	F_Mut476_DC	F_Mut476_DL	F_Mut478_DC	F_Mut478_DL	F_Mut495_DC	F_Mut495_DL	F_Mut505_DC	F_Mut505_DL	F_Mut518_DC	F_Mut518_DL	F_Mut534_DC	F_Mut534_DL	F_Mut538_DC	F_Mut538_DL	F_Mut542_DC	F_Mut542_DL	F_Mut564_DC	F_Mut564_DL	F_Mut571_DC	F_Mut571_DL	F_Mut572_DC	F_Mut572_DL	F_Mut577_DC	F_Mut577_DL	F_Mut414_IC	F_Mut414_IL	F_Mut432_IC	F_Mut432_IL	F_Mut444_IC	F_Mut444_IL	F_Mut463_IC	F_Mut463_IL	F_Mut464_IC	F_Mut464_IL	F_Mut476_IC	F_Mut476_IL	F_Mut478_IC	F_Mut478_IL	F_Mut495_IC	F_Mut495_IL	F_Mut505_IC	F_Mut505_IL	F_Mut518_IC	F_Mut518_IL	F_Mut534_IC	F_Mut534_IL	F_Mut538_IC	F_Mut538_IL	F_Mut542_IC	F_Mut542_IL	F_Mut564_IC	F_Mut564_IL	F_Mut571_IC	F_Mut571_IL	F_Mut572_IC	F_Mut572_IL	F_Mut577_IC	F_Mut577_IL
249956abc9a2b00cf369b0b5cc0ffecd	0	0	0	0	0	0	0	0	0	0	0	0	0	0	0	0	0	0	0	0	0	0	0	0	0	0	0	0	0	0	0	0	0	0	0	0	0	0	0	0	0	0	0	0	0	0	0	0	0	0	0	22	0	0	0	4	0	0	17	0	0	17	0	0	0	0	0	0	0	22	0	0	166	0	0	14	0	0	0	0	0	0	0	0	0	7	0	5	0	8	0	0	0	6	4	0	3	0	0	0	0	11	0	10	7	0	0	9	0	7	0	0	0	0	0	20	2	8	0
220489abfe67f6c5468257fbfe8da245	0	20	60	30	0	50	27	133	0	35	22	84	31	67	52	38	39	0	0	46	31	24	22	0	0	20	0	39	33	22	47	82	48	51	31	74	18	35	35	48	0	49	54	68	45	0	0	111	26	104	18	34	0	172	0	35	0	93	0	0	0	84	0	33	0	86	35	84	0	33	0	180	207	162	0	84	0	120	27	40	0	0	87	0	0	65	27	362	34	257	131	23	0	193	23	112	47	47	0	76	0	114	12	16	26	81	35	671	243	543	151	28	67	270	22	45	36	29	0
60de440009ba631a5d5a70441994ad33	98	47	113	116	156	199	80	98	53	86	63	119	36	226	84	110	110	81	13	63	25	38	0	44	44	105	66	82	93	50	101	68	47	87	32	112	24	109	53	70	14	29	27	75	64	23	25	317	59	191	38	116	15	204	25	80	40	279	27	124	37	216	0	21	20	69	0	156	0	0	0	677	255	200	55	33	0	124	103	42	0	31	0	65	0	402	66	445	70	681	152	61	30	1519	119	251	269	105	57	79	20	159	38	22	128	276	66	1722	326	200	56	46	70	679	40	87	76	138	30
e920aec39d0ec8b823fb4b5b26a71b57	0	6	0	0	10	13	0	0	0	0	0	15	0	0	0	0	0	0	0	10	0	0	0	0	0	11	0	0	0	0	0	0	0	0	0	15	0	9	11	0	0	0	0	0	0	0	0	18	0	13	0	14	0	54	0	0	0	22	0	11	0	11	0	0	0	17	0	34	0	0	0	105	79	98	0	0	0	0	0	10	0	0	0	0	0	17	0	36	0	45	14	0	0	69	0	21	0	11	0	11	0	15	0	0	18	0	0	104	22	30	19	0	0	39	0	0	0	0	0
378d2f759615631ec0dcb302a7203e86	7	2	0	0	0	11	10	0	0	0	0	0	0	0	6	4	7	8	0	0	0	0	0	0	0	6	7	13	14	9	22	0	0	7	7	4	0	0	2	0	0	0	0	0	0	0	0	14	0	4	0	7	0	8	0	0	0	6	0	16	0	33	0	8	0	0	0	47	0	0	0	0	0	0	0	0	0	0	0	0	0	2	0	0	0	17	5	7	2	9	0	0	0	92	17	38	11	12	5	0	0	36	0	0	5	3	2	19	21	0	0	0	0	17	0	0	0	0	0
61ee083dd3bea539756859015c1c40e5	272	118	155	157	36	139	37	63	56	35	130	122	54	89	181	113	65	191	24	164	82	197	82	121	71	105	104	79	85	42	122	125	119	229	156	211	40	166	148	109	23	152	180	67	56	61	73	365	131	124	16	257	100	641	33	361	221	841	318	484	211	326	3	18	66	272	6	593	20	3	0	888	1252	441	55	450	52	419	0	525	125	75	55	10	0	286	100	689	114	824	1066	194	38	461	200	190	200	74	46	147	24	891	39	24	523	271	73	537	362	817	466	43	80	829	41	86	164	145	26
8668df7469b7ab0b7823b11be8c21ad2	0	0	0	0	0	8	0	8	0	0	0	0	0	9	0	0	0	0	0	0	0	0	0	0	0	0	0	0	0	0	0	0	0	0	0	0	0	0	0	0	0	0	0	11	8	0	0	0	0	15	0	0	0	22	0	0	0	7	0	10	0	23	0	0	0	0	0	0	0	0	0	0	0	33	0	0	0	28	0	0	0	0	0	0	0	0	0	11	0	0	0	0	0	37	0	17	23	4	9	8	0	0	0	0	0	0	0	21	0	9	0	0	0	0	0	0	0	9	0
a6bd10e64701aefb0e95e885e1e03dc7	0	0	12	4	0	0	0	0	0	11	0	11	0	0	9	14	0	0	0	8	0	0	0	0	0	0	7	15	16	0	7	0	0	11	9	32	0	0	0	11	0	0	0	0	5	0	0	31	13	0	0	0	0	36	0	0	0	0	21	21	0	11	0	0	0	15	0	0	0	0	0	0	0	57	0	13	0	0	0	21	0	4	0	0	0	10	0	14	5	0	4	0	0	21	0	11	0	0	0	0	0	40	0	0	14	0	0	72	55	11	0	0	23	21	0	12	0	0	0
0ebff951367c8655ca7579ce3bc3d983	392	236	136	461	623	318	361	993	227	252	480	1314	81	750	231	1008	831	708	0	673	403	644	72	478	320	618	650	466	291	427	730	1502	1181	842	780	909	363	813	959	3006	506	277	213	694	741	253	353	1373	831	1755	455	0	270	525	120	319	4	0	54	26	0	0	3	0	0	8	9	0	0	0	0	0	71	0	15	0	30	0	0	0	0	0	54	0	0	6	114	0	145	0	43	0	0	7	10	0	0	0	0	0	0	0	0	0	41	0	453	0	0	0	0	0	67	0	0	394	650	0	0
4d65579d390257cdb0d61d5ef5719a00	308	88	147	166	220	569	425	600	84	181	115	439	232	379	84	350	247	885	19	281	169	600	76	217	99	280	240	821	713	523	919	830	825	364	328	656	307	278	301	900	173	604	636	322	402	131	148	537	287	610	165	0	312	98	0	0	0	0	0	0	26	0	0	0	0	0	0	0	0	0	0	0	0	0	0	0	0	0	0	0	0	5	0	0	0	0	0	0	71	0	0	0	53	0	0	0	44	0	68	0	0	0	13	12	0	0	443	0	0	0	0	0	0	0	16	157	232	0	0
2c73d747db85aef442c1e09b444690de	221	485	251	1245	1749	1008	474	758	298	712	1513	561	73	1496	744	2626	1870	1605	8	1082	944	1412	171	1512	734	1352	1939	1218	830	858	1293	2118	2515	708	634	2146	1025	2325	3406	1159	193	235	249	1500	1415	671	1109	2294	2070	2533	1225	0	650	401	338	463	7	0	0	0	4	0	0	0	0	0	201	0	0	0	0	0	0	4	0	4	0	0	0	0	0	0	9	0	0	0	175	8	304	7	52	0	0	0	14	0	16	3	77	26	0	7	40	0	41	4	1352	5	12	4	16	0	212	7	11	920	1266	0	8
c67124a3106cce93d7818425aec1fd91	0	0	0	0	0	0	0	77	0	0	0	0	0	0	0	0	0	0	0	70	0	0	0	0	0	0	0	0	0	0	0	93	91	0	0	0	0	0	0	0	0	0	0	0	0	0	0	0	0	505	0	0	0	0	0	0	0	0	0	0	0	0	0	0	0	0	0	0	0	0	0	0	0	0	0	0	0	0	0	0	0	0	0	0	0	0	0	0	58	0	0	0	0	0	0	0	0	0	0	0	0	0	0	0	0	0	84	0	0	0	0	0	0	0	0	0	0	0	0
83c2bf2a737e15852ade1c904499de4d	0	5	4	5	4	0	4	3	298	0	0	5	364	4	5	0	70	0	0	36	0	10	0	8	3	37	7	33	6	35	5	8	0	205	806	25	3	20	0	8	0	797	1004	3	3	0	4	18	0	574	308	0	0	0	0	0	0	0	0	0	0	0	5	0	7	0	0	0	0	0	0	0	0	0	0	0	0	0	0	0	0	0	0	0	0	0	0	0	0	0	0	0	0	0	0	0	0	0	0	0	0	0	0	0	299	0	0	0	0	0	224	0	0	0	0	0	0	0	0
836d6c23a03d353068b8aeb95e9911d4	81	92	60	82	0	94	46	60	41	51	52	67	44	80	0	95	47	205	0	198	99	113	0	89	61	0	0	80	99	39	94	76	76	152	93	138	71	86	109	151	0	90	72	93	89	42	48	122	50	148	0	98	90	903	66	234	0	135	71	5	0	176	0	0	0	96	0	427	0	0	0	162	141	251	0	0	82	144	0	0	0	0	0	0	0	92	131	58	0	0	203	0	0	0	0	0	232	0	0	0	0	66	0	0	331	0	55	91	222	0	170	0	0	0	0	41	58	0	0
8d9aee06bde55b408e64fc847d265d8a	191	85	136	272	12	264	137	189	77	99	155	172	115	237	91	247	127	563	33	225	100	297	57	210	170	88	0	244	251	86	235	180	206	240	163	315	155	233	272	395	90	227	195	211	248	85	115	269	113	317	87	228	219	734	119	906	149	442	116	0	10	457	0	95	50	135	93	717	12	43	0	515	436	237	5	153	316	524	0	52	0	48	85	52	15	227	239	70	184	24	350	0	34	11	0	14	351	0	102	0	25	99	63	46	547	45	176	217	643	108	482	59	80	90	76	95	120	84	12
91894bef05b812de83ca8befd8a7d86e	531	460	687	538	1027	849	629	842	327	234	573	629	248	445	358	1376	662	1060	19	1124	609	1197	189	553	320	1412	1178	1174	859	616	1264	1151	1132	1019	960	1284	451	1036	1035	1481	203	696	537	633	562	265	447	1792	732	1833	336	437	350	1139	541	638	99	1733	103	914	143	535	13	198	38	1072	109	506	8	0	0	2979	631	599	6	60	11	552	19	479	247	75	146	0	0	266	377	248	385	126	1983	25	60	689	2170	330	925	8	386	12	51	459	43	91	843	102	689	405	2601	112	343	125	170	349	1024	502	896	19	12
ff0d81cdef4146613597097a5b642ea2	0	0	0	0	0	97	68	66	0	0	0	0	0	0	0	65	0	56	0	60	0	0	0	0	0	0	0	67	65	61	115	39	64	54	49	93	0	0	0	67	0	57	75	0	0	31	0	53	0	107	0	103	0	358	34	0	0	72	76	0	0	158	60	0	0	150	0	210	0	0	16	4	0	0	40	108	0	137	0	113	129	22	0	0	0	0	0	0	0	0	0	0	0	0	0	0	248	0	128	0	0	79	0	43	250	0	0	102	368	64	409	0	0	62	61	0	0	0	0
4997cd54d26bdc0cfa16ee25e0539c47	772	380	247	554	1111	684	318	337	302	279	698	850	224	524	279	670	827	1151	46	704	279	613	110	458	247	1090	685	683	509	384	442	637	814	1053	641	1006	372	873	653	1471	188	441	374	644	456	241	263	721	278	1510	378	610	410	2071	206	616	236	1449	290	926	13	572	45	250	48	865	92	449	0	185	0	994	542	780	8	175	222	1096	231	494	50	49	145	4	3	555	438	447	196	637	1109	48	58	2445	2103	412	713	58	272	40	61	703	198	168	1242	123	484	1467	3579	757	962	166	96	522	374	155	203	32	50
71ee056f6f568aaa648b0b008338a85b	294	102	261	175	425	462	130	432	112	248	153	107	83	253	152	240	218	459	14	295	102	658	105	199	103	556	297	470	351	267	300	502	320	601	336	673	221	469	341	294	72	365	252	270	205	146	225	897	309	791	137	465	237	478	294	536	196	755	204	612	0	476	8	200	0	270	106	985	32	0	7	1329	802	216	0	321	0	288	134	800	150	78	348	109	0	451	500	355	136	1305	2220	0	43	1225	1162	134	1148	16	241	21	78	1162	102	194	979	270	306	498	957	603	813	83	89	811	535	357	477	478	81
7ba2c422867126928cd558a5c3d179d9	32	37	31	0	29	54	25	48	29	24	46	53	24	54	27	52	67	90	0	111	65	142	16	15	0	58	44	173	98	64	109	95	105	127	106	155	54	150	144	82	14	123	86	89	88	25	62	224	96	164	29	36	38	340	71	89	55	0	0	82	0	118	0	16	6	56	12	166	0	0	15	207	0	79	0	59	0	82	0	94	0	0	15	0	0	36	84	92	46	58	225	0	0	50	56	31	114	7	29	0	20	104	0	15	172	26	16	80	164	89	161	24	11	69	37	25	52	19	0
9ddf781f2ff72d3c591d164ca9fe7c2a	590	288	560	566	559	1257	585	2059	246	678	245	578	357	701	252	533	559	756	14	681	442	420	113	326	246	767	443	996	879	426	764	850	893	930	768	1597	577	832	548	878	140	574	613	665	578	244	362	1399	711	1445	243	266	572	1783	402	1668	165	504	161	410	155	1097	0	224	21	609	122	519	25	71	82	117	663	301	6	131	280	472	0	453	14	78	95	8	80	215	228	268	749	1015	575	11	32	701	553	481	1528	10	163	17	6	371	27	74	931	34	1168	455	647	537	1201	68	66	468	89	361	909	12	20
bcb2ec9b7a4be36488b9d4114333d473	0	0	19	0	0	0	0	0	0	0	0	0	0	0	0	0	0	0	0	0	0	47	0	0	0	0	0	0	0	0	0	0	0	0	0	0	0	0	0	0	0	0	0	0	0	0	0	0	0	0	0	0	0	0	0	0	0	0	0	0	0	0	0	0	0	0	0	0	0	0	0	0	0	0	0	0	0	0	0	0	0	0	0	0	0	0	0	0	0	0	61	0	0	0	0	0	0	0	0	0	0	0	0	0	0	0	0	0	0	0	0	0	0	0	0	0	0	0	0
d96e982722bc47856b1d0f4c461518a9	313	41	0	291	203	651	223	557	200	191	327	323	139	305	262	371	482	346	0	78	16	0	0	299	180	285	167	596	411	311	473	499	403	611	499	653	202	433	523	588	98	489	485	354	302	115	166	472	337	973	184	235	131	0	0	0	0	832	0	185	0	721	0	203	40	438	0	950	0	0	0	959	92	179	0	137	37	378	0	416	0	0	0	72	0	188	263	0	0	0	0	0	96	286	384	121	977	0	167	6	93	389	56	94	1564	69	228	601	2460	228	1125	96	57	320	344	132	193	114	59
e8350158e98e3d0dd7960647fd6648bc	272	0	87	325	182	624	206	438	172	177	281	276	166	297	238	430	235	325	19	79	0	237	34	308	149	251	170	565	429	237	427	396	375	528	448	703	215	404	438	599	71	438	367	447	351	106	148	485	275	637	103	187	121	120	0	154	0	846	165	240	8	784	0	122	0	300	17	900	46	97	0	737	0	276	6	158	0	376	125	420	135	29	14	0	0	188	335	15	42	30	375	8	0	301	467	127	982	3	222	0	0	396	84	152	1495	72	294	655	2678	223	1018	143	172	374	509	160	365	0	0
f1898664b8ef4fcb75774c8d8c32d935	57	44	33	0	0	87	38	70	24	27	31	66	18	65	21	35	59	118	8	74	70	111	15	10	0	9	0	78	100	30	65	106	111	116	84	140	94	114	58	99	21	67	68	52	72	60	84	107	58	169	38	85	118	358	219	170	50	0	0	0	0	217	0	43	0	136	9	311	0	0	0	33	165	0	0	65	0	78	0	110	0	0	67	22	0	41	30	49	114	23	128	0	0	0	0	33	174	0	33	0	0	54	12	26	133	0	47	16	99	13	156	16	0	48	56	38	106	55	0
f83d58df5d2a92d8f5404188a405bd42	220	72	269	183	337	325	134	391	88	200	169	101	68	198	147	196	177	358	0	227	67	446	47	170	65	449	167	347	219	234	238	348	208	464	239	428	169	344	226	186	0	248	173	194	135	97	128	631	214	595	96	435	177	462	103	433	135	692	275	413	0	404	0	99	355	322	59	760	0	0	0	1227	902	93	0	293	33	252	113	537	175	0	111	82	0	328	346	241	272	856	1064	27	0	800	505	116	456	0	140	0	62	919	0	94	831	199	247	364	636	448	576	65	0	659	413	189	171	357	54
fbcf21a37e10ef661b45a1538c337257	0	0	0	0	0	0	0	0	0	0	0	0	0	0	0	0	0	0	0	0	0	0	0	0	0	0	0	0	0	0	0	0	0	0	0	0	0	0	0	0	0	0	0	0	0	0	0	0	0	0	0	0	0	0	0	0	0	0	0	0	0	0	0	0	0	0	0	0	0	0	0	0	0	0	0	0	0	0	0	0	0	0	0	0	0	0	0	0	0	0	0	0	5	0	0	0	0	0	0	0	0	0	0	0	0	0	0	0	0	0	0	0	0	0	0	0	0	0	0
408ff55f172b54fbb975e2b8f51928e1	175	79	90	151	162	338	102	435	100	131	150	121	128	239	106	418	264	495	10	224	131	231	48	202	87	224	184	295	317	142	293	388	530	260	269	447	253	342	437	273	47	240	233	262	244	73	168	795	410	632	150	214	225	501	165	103	45	252	0	97	128	308	0	0	0	298	27	113	19	67	0	204	336	214	0	115	0	279	0	298	0	105	0	0	0	88	131	64	269	162	260	0	7	144	272	125	287	5	0	0	0	160	42	84	446	40	562	171	524	107	417	55	55	193	106	303	412	45	19
4e1a2a8548793756a7bd2f998ca99a44	317	190	291	398	613	700	321	315	211	156	53	211	172	231	259	534	314	328	0	479	273	230	58	186	191	496	340	473	422	194	379	249	263	452	392	320	88	112	60	297	58	265	307	188	189	108	158	687	318	749	165	393	172	1450	91	434	139	1342	112	527	0	560	53	134	34	449	0	829	0	116	0	156	707	632	20	216	0	291	0	815	47	72	81	40	0	517	447	555	127	525	934	0	56	1728	1002	70	1272	0	256	24	0	1001	58	42	1322	60	458	707	1322	620	1388	73	79	879	656	291	381	302	34
64670b07108fc9d160b6f35e0e6ead92	0	0	0	0	83	0	0	0	0	0	0	0	0	0	0	0	0	0	10	0	0	0	0	0	0	67	40	0	0	0	0	0	0	0	0	50	0	0	0	0	0	0	0	0	0	0	0	0	0	43	0	0	0	71	0	0	0	0	0	69	0	0	0	31	0	0	30	0	0	0	0	0	21	0	0	0	0	0	0	0	0	0	0	0	0	0	0	0	0	0	98	0	0	191	194	0	0	0	0	0	0	0	0	0	0	0	0	0	0	0	0	0	0	0	0	0	0	0	0
8d24eb9a691359ac90986abef619c6f9	88	73	119	137	103	291	121	115	88	69	111	137	67	85	73	217	129	193	0	279	87	292	60	119	65	151	98	218	179	140	218	144	191	225	184	215	80	188	130	299	34	123	88	122	114	56	71	232	81	448	65	119	83	525	62	286	125	651	138	171	4	320	15	77	17	152	0	253	7	32	0	540	0	81	0	65	0	145	0	209	0	24	2	23	0	162	207	179	168	338	562	7	35	510	366	49	352	7	150	3	13	453	9	8	750	74	135	565	1582	129	294	53	27	213	115	72	114	95	26
a0e6aa51f6c27a5e1bb3e5f6c447d6f5	150	137	103	94	0	346	178	151	72	123	13	127	126	117	126	204	114	207	10	155	126	86	11	95	72	58	0	275	306	174	470	160	216	196	180	322	151	60	15	256	36	204	223	159	137	71	132	256	160	416	69	234	172	1159	80	41	18	247	163	0	0	489	0	357	9	264	98	839	0	104	0	0	660	327	0	374	46	277	90	421	108	0	139	16	0	182	244	188	222	18	226	0	36	26	17	77	974	0	408	0	6	350	102	98	1073	0	355	360	1270	233	960	62	116	277	416	150	297	106	57
a29c50b67262ba2232ed5d6b36890141	171	73	99	132	141	349	102	489	111	160	159	121	138	287	112	388	267	586	0	199	144	246	43	227	101	274	212	316	380	160	321	398	632	307	311	546	273	361	541	359	58	244	255	342	342	100	188	932	446	762	203	203	264	355	186	331	135	248	154	99	0	327	0	10	0	292	0	230	0	0	0	110	346	44	0	76	14	185	0	468	93	0	59	19	4	116	150	59	257	176	209	4	0	187	375	110	353	0	104	0	45	156	0	85	498	35	622	241	716	128	422	64	30	215	134	371	744	37	0
d86d37226c841783ab53e2fd9ba1971a	553	335	503	667	1048	1170	531	525	329	212	98	321	280	356	402	779	420	646	58	785	420	570	108	461	297	787	558	987	823	314	648	408	443	699	596	441	145	217	129	520	107	509	497	293	293	173	268	1095	490	1077	174	756	298	4159	266	900	384	2551	415	1070	36	1389	0	492	193	739	76	1266	0	33	9	320	1543	415	0	581	0	567	85	1417	71	195	0	66	0	917	609	1273	382	843	1817	32	181	2822	1523	111	1960	25	388	0	54	1688	91	89	2189	104	503	1240	2398	1184	2396	118	216	1315	917	460	600	441	79
e2dd4afb7ac613e0834247a15170b8f9	416	248	257	393	551	590	280	235	195	174	65	148	160	214	250	561	339	484	0	560	244	420	99	271	181	579	277	558	424	238	354	243	187	498	261	363	104	109	96	395	0	334	234	208	189	123	135	793	246	827	145	479	198	1549	167	586	316	1474	77	764	0	736	0	289	0	427	0	700	29	40	0	234	765	241	0	336	0	268	0	751	55	119	253	73	0	720	412	691	177	645	1900	0	0	2391	1234	75	1241	0	338	0	0	1154	90	47	1557	75	273	1113	1914	874	1547	156	174	1249	834	385	533	350	52
afa5efc6d3274dba6d0deab16f67660d	0	8	0	0	0	0	0	0	344	0	0	0	101	34	0	0	6	12	0	19	0	8	0	9	0	24	7	0	0	0	0	0	0	514	609	9	0	17	0	16	0	355	451	273	270	0	6	0	0	11	0	5	0	0	0	0	0	0	0	0	0	0	0	0	0	0	19	395	0	0	0	0	0	0	0	268	258	823	98	0	0	0	0	0	0	20	0	12	8	0	9	5	0	12	0	0	12	0	0	0	0	341	0	0	918	0	0	7	9	482	1208	149	76	0	0	0	0	0	0
43588bce9aa14685ac3861b78ea53288	41	68	25	0	0	38	17	32	21	56	27	25	11	31	14	68	27	76	0	100	97	96	23	6	0	23	0	26	40	25	52	47	77	42	59	175	81	72	78	47	17	46	46	32	31	24	25	127	99	152	29	53	44	481	41	95	35	0	34	0	0	38	0	51	0	70	13	140	0	0	0	280	285	22	0	11	0	67	0	51	23	15	0	0	0	41	27	67	56	25	219	0	0	0	0	6	35	0	20	0	0	28	15	57	70	25	71	45	167	15	103	21	12	70	103	87	127	32	8
c90a0af3b767e17927160cb10279356f	154	75	29	15	20	19	14	749	15	1698	380	134	47	17	108	745	2516	457	0	69	20	131	17	56	10	213	14	63	15	24	15	1043	1259	83	78	5598	3212	1396	1392	263	39	182	179	9	5	223	535	1456	806	3513	930	0	244	99	0	0	0	0	0	0	0	0	15	0	4	0	200	0	0	0	0	0	0	0	0	0	0	0	0	0	0	0	123	0	0	0	100	0	8	0	35	0	0	0	0	0	0	0	0	32	2	0	4	10	7	0	1014	0	3	0	0	0	0	0	0	554	998	0	0
fc69a452686f974a2073c96d214dde3e	274	102	150	966	396	473	251	173	279	182	92	356	190	444	153	494	275	900	0	564	384	711	196	877	684	555	803	542	589	216	571	516	403	470	670	519	213	247	278	510	143	371	395	458	710	411	439	614	274	619	172	0	459	70	281	33	3	0	20	0	0	0	0	0	0	0	0	0	0	0	0	0	0	0	28	0	0	0	0	0	0	0	16	0	0	0	102	7	403	3	21	0	5	5	27	10	109	0	75	0	0	3	25	0	121	0	476	2	5	0	30	4	76	2	7	102	310	0	0
658a415841043db371f5b389effcdf9d	1453	405	445	1310	440	316	1054	64	8	13	1230	1631	22	326	966	428	227	4760	51	1974	9260	5798	4215	2818	6414	2776	14031	2849	11833	2156	9109	2161	7703	778	176	700	138	1880	13580	4504	4961	497	138	1149	7015	2058	12023	3820	10150	2841	6031	6	15837	584	5767	132	44	9	87	7	546	0	0	4	429	34	784	16	10	7	67	13	10	21	82	10	66	12	5	4	0	26	207	5	8	15	946	32	5797	24	101	18	227	32	104	12	3201	23	1445	10	39	11	131	18	32	13	2737	23	39	13	44	7	781	17	54	545	1323	7	12
26cc5f505c154dc50f11f0638c69f49e	30	7	21	5	55	135	14	0	2	0	30	27	139	92	42	28	77	524	3	46	5	127	29	38	13	62	162	170	397	102	331	10	10	70	4	17	5	14	83	19	6	109	285	41	127	120	70	44	73	79	49	0	276	0	0	0	0	0	0	0	0	0	0	0	0	0	0	0	0	0	0	0	0	0	0	0	0	0	0	0	0	0	0	0	0	0	197	0	0	0	4	0	0	0	8	0	118	0	42	0	0	0	6	0	0	0	0	0	0	0	46	0	24	0	0	28	58	0	0
259a7bf6505ad5e5a82c73d889941542	6	0	0	0	0	0	0	0	4	0	0	8	0	0	5	0	0	0	0	14	0	13	0	0	12	54	14	11	14	9	13	7	15	15	0	12	10	12	9	19	0	8	14	9	0	26	0	22	7	90	0	0	0	19	49	10	192	3	9	19	66	12	7	19	486	41	0	15	67	15	46	6	17	16	18	20	22	13	16	5	13	25	15	0	9	0	20	28	31	31	39	0	24	37	26	9	42	17	11	14	11	0	50	15	48	7	31	27	34	13	53	0	25	12	44	0	18	5	28
77a53d48dd509b56ec8597edea3172ef	21	0	9	0	0	21	10	30	0	30	31	50	10	36	20	12	56	11	0	5	0	15	3	0	0	7	0	11	11	11	21	26	25	0	0	198	60	95	84	68	12	17	11	22	12	5	11	58	8	170	21	0	0	14	0	0	0	0	0	0	0	0	0	0	0	0	0	0	0	0	0	0	0	2	0	0	0	3	0	0	0	0	0	0	0	0	0	0	0	0	0	0	0	0	0	2	19	0	0	0	0	0	0	0	0	0	0	0	0	0	0	0	0	0	0	4	3	0	0
0cc0d0f767cb1a7ff0d1e4b7e3e22c0c	27	10	0	6	8	4	13	14	0	0	12	22	8	14	11	9	8	14	0	11	19	16	3	5	0	15	13	17	10	7	38	37	21	19	11	37	10	17	14	7	0	13	8	24	27	9	7	42	14	18	0	0	9	8	6	0	15	2	0	0	0	0	0	0	0	0	0	0	0	0	0	0	0	0	0	0	0	11	0	0	0	0	0	0	0	0	0	0	0	0	0	0	0	13	0	0	4	0	0	0	0	0	0	0	5	0	19	0	0	0	0	0	0	0	0	4	0	0	0
d440d3052851bb98daaf7f8381afbb3d	89	0	5	0	0	11	6	26	0	4	0	14	0	2	0	0	0	99	0	0	0	0	0	0	0	4	0	22	22	4	13	75	21	6	4	35	9	6	0	27	5	7	7	8	3	4	0	0	0	0	0	0	17	0	0	0	0	0	0	0	0	0	0	0	0	2	0	0	0	0	0	0	0	0	0	0	0	0	0	0	0	0	0	0	0	0	26	0	0	0	0	0	0	0	0	0	0	0	0	0	0	0	0	0	7	0	36	0	0	0	0	0	0	0	0	0	0	0	0
0d4c05022f84f52efaf413f3b6ea56dc	0	0	0	0	0	0	0	14	0	0	0	0	0	0	0	0	0	10	0	10	0	0	0	0	0	26	14	5	0	0	0	0	0	0	0	0	0	0	0	16	0	0	0	0	0	9	0	11	11	33	0	0	0	15	19	4	80	0	0	0	6	0	0	11	163	19	0	0	0	5	13	6	0	0	5	0	0	0	6	0	0	8	9	0	0	14	9	23	15	0	27	13	12	23	21	0	21	0	0	8	0	0	8	12	17	8	0	19	16	0	24	8	0	0	16	20	11	0	6
5def5d3e4217af0c66de1e25dee190b4	81	18	575	440	12027	37	8934	11645	13	10	33	45	29	14	0	32	29	982	427	78	25	3607	1745	2213	1741	8948	7981	223	47	2524	4347	3174	3643	71	28	57	20	45	44	40	17	48	29	45	28	27	27	79	29	182	23	7654	580	58	395	25371	13947	24455	1029	91104	674	35	5	13195	964	46592	1145	13	0	14	11	0	5164	24	0	13	20	23	105	7	0	5	0	3	0	4016	3778	269	884	32561	40537	25039	7450	50349	32661	523	283	14770	15131	21131	102	120	254	133	239	83	11939	235	277	127	282	66	101	93	198	109	167	23	111
8c8b5c97efa94771f04fe65a08450ff4	720	756	909	2159	715	2212	1233	681	578	514	1664	805	689	1730	958	1432	2070	883	122	1737	871	763	238	715	443	544	365	1402	1715	797	1296	268	167	1816	1029	1442	334	2370	2018	1906	450	1057	1142	1389	779	735	425	1239	281	1866	350	936	321	15714	1587	3821	1707	707	192	166	154	8257	685	3241	62	426	170	2119	128	2631	541	3926	1889	6821	584	2484	3945	5777	1088	2374	265	578	343	731	0	2355	716	9972	1920	3249	2506	795	118	985	557	2879	6134	900	593	127	266	3400	430	2886	4532	1431	382	8148	9889	3506	7510	2314	735	2436	428	594	307	375	195
f8003de140133574fe07d789b9f501f1	3158	3665	3940	9888	3294	10137	5486	3188	2653	2426	7294	4008	3310	8430	4479	6366	9308	3567	700	7739	3955	3315	1121	3255	2079	2624	1597	6300	7829	3937	6071	1174	806	8820	4748	6485	1665	11057	9449	9000	2203	5077	5093	6080	3645	3234	2084	5605	1362	8426	1460	4249	1400	68721	8138	17966	9549	3068	1427	728	488	38412	3809	14429	515	2024	665	10001	331	12199	2867	22931	9135	33542	1588	10820	19222	27824	5759	9600	568	2512	3351	4423	711	10669	3103	43110	7660	14579	11375	3433	671	4315	2638	13845	26190	4241	2660	648	1117	15508	2235	12017	21079	6004	1695	36474	45260	15987	34438	10104	3253	10727	1775	2558	1239	1994	892
ca46b8ca5f06868dcb2a54e87100d77c	0	0	0	0	5	0	0	0	0	0	0	0	0	0	0	0	0	0	0	11	0	0	0	0	7	30	7	7	5	5	13	4	0	6	0	0	10	0	0	13	0	0	0	0	0	19	0	13	0	47	0	0	7	17	57	13	273	0	0	9	14	0	10	12	305	36	0	28	30	12	30	0	16	21	13	24	31	10	14	6	8	18	0	2	3	0	6	16	34	32	33	20	15	44	27	9	22	14	0	15	7	7	17	18	30	0	24	23	28	12	17	6	6	6	45	13	13	0	15
b28af6f3e03eae416cdd3d9af369818f	9	6	0	8	0	6	7	0	0	0	0	9	0	0	0	10	0	8	0	9	14	0	8	9	0	30	0	11	8	9	10	0	7	14	0	11	11	0	7	18	4	0	0	7	0	22	0	20	0	53	0	0	0	12	31	4	93	0	0	0	6	0	0	16	282	34	0	16	15	9	25	6	13	11	10	13	25	13	0	8	0	10	0	8	0	0	16	20	41	15	24	0	19	22	0	12	30	0	13	4	8	11	24	14	27	0	27	16	27	0	23	9	16	0	28	0	17	0	22
73882db41c2dd97fbdd1bbdb60935efa	0	6	0	0	5	0	8	0	0	0	0	0	0	7	4	9	0	9	0	6	5	0	3	0	8	32	5	8	14	0	0	5	7	7	0	0	5	11	8	24	0	5	8	0	0	33	0	15	5	54	7	0	0	21	110	11	191	4	12	13	17	0	2	24	354	28	2	6	16	11	33	0	185	19	9	8	13	12	8	8	6	9	0	4	16	10	8	18	33	18	23	7	9	19	10	8	25	11	9	10	18	14	22	20	38	11	21	21	31	7	29	5	15	8	33	8	7	0	54
3d399e3129403d075f7a6b59b7c28e60	22	25	0	0	38	35	17	0	38	27	34	47	26	37	33	48	13	107	0	53	73	75	0	12	0	82	155	57	169	56	104	29	43	18	64	27	54	17	70	62	20	23	48	13	43	42	28	16	20	47	13	0	63	14	61	0	0	0	0	0	0	0	0	0	0	0	21	0	0	0	0	0	0	0	0	0	0	0	0	0	0	0	0	0	0	0	87	0	55	0	0	0	0	0	0	0	139	0	15	0	0	0	0	0	23	0	39	0	0	0	4	0	12	0	0	9	0	0	0
f4b7f5b0d215ea83535c9e43f0864c83	5	0	0	0	0	3	0	0	0	0	0	0	6	4	0	4	0	34	0	0	0	0	0	0	0	0	0	15	34	5	20	0	0	0	0	0	12	0	0	8	0	6	8	0	14	5	0	0	6	0	0	0	20	0	0	0	0	0	0	0	0	0	0	0	0	0	0	0	0	0	0	0	15	0	0	0	0	0	0	0	0	0	0	0	0	0	0	0	0	0	0	0	0	0	0	0	0	0	0	0	0	0	0	0	0	0	0	0	0	0	0	0	0	0	0	0	0	0	0
b7ded6d28cd0e1bcfd29dd9ff293b725	54	53	32	36	95	0	0	24	143	0	87	63	0	60	0	202	121	270	0	161	291	236	41	116	154	133	274	29	12	8	7	217	243	39	203	48	0	46	159	117	65	15	8	36	133	21	0	29	96	207	84	0	129	0	300	0	0	0	0	0	0	0	0	0	0	0	0	0	0	0	0	0	0	0	0	0	0	0	0	0	0	0	0	0	0	0	91	0	407	0	9	0	0	5	6	0	0	0	0	0	0	0	8	0	58	0	296	0	0	0	0	0	12	0	0	31	110	0	0
4b7cf4ae9a6ef34b1d9b0d5acdb11bbf	10	20	17	26	64	9	0	17	4	30	6	14	9	26	8	13	7	7	0	33	81	7	3	11	39	56	51	5	0	16	6	5	0	13	0	41	9	41	47	7	0	5	0	25	17	0	8	27	13	13	4	0	0	0	0	0	6	0	221	12	267	0	0	0	0	0	0	0	59	0	0	0	204	0	0	0	14	0	0	0	0	0	150	0	0	217	2047	7715	24591	487	28077	4682	23988	628	12568	166	3336	99	176	215	21446	1356	80316	14665	3305	14452	10615	434	1091	301	1865	2083	18505	1393	48916	10934	26707	830	431
0412b74ab7756afc899e0045746e7c0d	42	0	7	0	0	10	34	17	6	9	33	65	19	15	12	21	14	59	0	6	0	72	9	0	0	25	0	47	46	69	92	50	55	50	31	71	22	46	50	77	16	42	31	62	58	12	16	66	17	101	27	0	52	0	0	0	0	0	0	0	0	0	0	0	0	0	51	0	0	0	0	0	33	0	0	0	0	0	0	0	0	0	0	0	0	0	7	0	0	0	0	0	0	0	0	0	18	0	7	0	0	0	0	0	50	0	77	0	0	0	12	0	68	0	0	17	37	0	0
1769df382849999ba065034838e27c6b	35	0	0	0	0	0	15	0	0	0	0	0	0	0	0	0	0	32	0	0	0	0	0	0	0	0	0	0	0	0	31	0	0	0	0	0	0	0	0	0	0	0	0	0	0	0	0	0	0	0	0	0	36	0	0	0	0	0	0	0	0	0	0	0	0	0	0	0	0	0	0	0	0	0	0	0	0	0	0	0	0	0	0	0	0	0	4	0	0	0	0	0	0	0	0	0	0	0	0	0	0	0	0	0	0	0	0	0	0	0	0	0	0	0	0	0	0	0	0
1bba2b650c8ba56422faef38861e1206	0	0	0	0	0	22	29	0	0	28	43	45	0	6	35	21	0	0	0	0	0	0	0	0	0	10	0	37	48	32	70	0	0	0	0	89	33	75	49	37	8	4	0	23	24	14	19	62	21	24	0	0	0	0	0	0	0	0	0	0	0	0	0	0	0	0	0	0	0	0	0	43	0	48	0	0	0	4	0	30	0	0	0	0	0	0	0	0	0	0	0	0	0	0	0	4	0	0	0	0	0	0	0	0	0	0	0	0	0	0	0	0	0	0	0	13	4	0	0
1d1883c617fe91ed89fb52b09ae6f4d5	129	0	28	36	0	0	0	37	0	26	39	33	60	0	65	67	0	101	0	0	0	124	20	21	0	66	37	0	0	0	0	85	95	26	17	98	49	42	38	34	14	111	116	0	0	39	64	164	58	79	0	0	76	0	0	0	0	0	0	0	0	0	0	0	0	0	0	0	0	0	0	26	0	29	0	0	0	0	0	0	0	0	0	0	0	0	32	0	0	0	36	0	0	0	0	0	0	0	0	0	0	0	0	0	0	0	114	0	0	0	0	0	0	0	0	47	90	0	0
34bf0277618ca25ea5b63a884e763bb8	167	71	129	232	223	130	212	311	41	131	178	378	88	130	137	139	89	362	0	132	33	276	53	350	174	671	215	221	116	155	192	220	202	91	84	545	309	206	101	335	119	130	106	510	260	224	146	174	65	134	110	0	229	270	15	114	0	11	0	26	0	36	0	2	21	0	171	0	0	0	0	0	0	32	0	0	0	9	0	0	0	0	0	0	0	33	224	12	55	9	7	13	34	27	29	10	300	0	169	5	0	0	0	9	127	0	407	16	10	21	67	0	74	0	0	38	73	0	0
3616c33e5e7be30af155be51481aeaf6	0	0	0	0	14	0	0	0	0	0	21	0	0	0	25	0	20	0	0	36	24	0	0	0	0	0	43	0	0	0	0	0	0	0	0	0	0	0	0	0	0	0	19	25	0	11	0	0	0	25	0	0	0	14	0	0	0	0	0	0	0	0	0	0	0	0	0	0	0	0	0	0	0	0	0	0	0	0	0	3	0	0	0	0	0	0	0	0	16	0	0	0	0	0	0	0	0	0	0	0	0	0	0	0	0	0	0	0	0	0	0	0	0	0	0	0	0	0	0
394ef72c7c5ab33a8431676dafd07ce2	53	27	0	17	22	16	0	27	0	6	22	25	0	17	14	20	13	102	0	50	40	71	0	37	42	106	54	47	27	25	40	55	54	31	36	15	18	22	35	48	0	46	29	50	0	35	25	28	24	121	23	0	101	0	122	0	0	0	0	8	0	0	0	0	0	0	9	0	0	0	0	0	0	0	29	0	0	0	0	0	0	0	0	0	0	0	33	0	77	0	6	0	0	0	0	0	23	0	24	0	0	0	0	0	35	0	106	0	0	0	0	0	71	0	0	29	72	0	0
47a11bc6578a7bfca40fc314be966e5c	94	38	8	34	0	7	31	23	11	17	72	95	30	11	25	35	22	123	0	71	50	70	18	46	31	46	21	59	55	44	104	76	62	85	66	126	48	104	94	140	18	114	79	97	71	45	31	100	33	152	18	0	99	11	33	0	0	0	0	0	0	0	0	0	0	0	0	0	0	0	0	20	0	25	0	0	0	29	0	0	0	0	0	0	0	0	19	0	74	0	14	0	0	5	0	0	16	0	0	0	0	0	0	0	53	0	103	0	0	5	20	0	47	0	0	20	32	0	0
6095551f50c6b1d00e16a6e9ec9fe0d7	37	16	11	0	18	28	30	135	15	71	16	191	38	21	40	60	44	120	0	57	60	118	33	24	13	143	150	119	142	50	98	597	800	263	295	726	332	118	31	221	108	110	124	108	151	132	217	292	135	190	37	0	122	0	19	0	0	0	0	0	0	0	0	0	9	0	13	0	0	0	0	0	0	91	0	0	0	68	0	9	0	0	28	0	0	0	24	0	116	0	0	0	0	7	6	0	61	0	28	0	0	15	9	25	89	0	864	0	6	16	52	0	25	0	0	76	98	0	0
6aad389fabc05c13cc238c3cf2bda6c0	0	56	54	0	0	0	0	0	0	35	0	0	49	0	133	89	11	0	0	73	52	176	38	0	0	23	0	0	0	0	0	0	0	7	0	149	82	24	0	0	0	107	72	0	0	68	141	195	109	95	0	0	0	27	202	0	0	0	0	0	0	0	0	0	0	0	0	0	0	0	0	0	0	0	0	15	0	0	0	0	0	0	0	0	0	0	0	0	65	0	11	0	0	0	0	0	0	0	0	0	0	0	0	6	0	0	0	0	0	21	63	0	0	0	0	101	197	0	0
73c1f89cabd247f76eba923f3b70b2c1	0	0	0	98	107	0	0	0	0	0	105	0	15	25	0	302	0	105	0	0	0	59	0	251	185	898	827	58	49	40	0	25	0	88	88	94	0	742	809	56	29	98	50	245	209	289	267	952	381	90	0	0	0	0	0	0	0	33	0	0	0	0	0	0	0	0	0	0	0	0	0	0	46	0	0	0	62	26	0	0	0	0	63	0	0	0	0	0	0	0	41	0	0	0	53	0	0	0	0	0	0	0	50	0	0	0	0	0	0	0	0	0	109	0	0	291	516	0	0
78c0b691e9948f5a60472b2be9d7056f	0	42	18	116	25	56	67	0	18	0	0	142	0	0	0	0	0	23	0	115	76	135	15	167	132	136	90	180	139	90	162	0	0	108	120	13	0	14	0	107	25	46	40	0	0	14	0	13	0	0	0	0	0	0	100	0	0	0	0	0	0	0	0	0	0	0	0	3	0	0	0	0	0	0	0	0	0	0	0	0	0	0	0	0	0	0	0	0	136	0	0	0	0	0	13	9	94	0	28	0	0	0	0	0	48	0	0	0	0	0	19	0	0	0	0	0	0	0	0
881208da6fa56fb78f2d63d77276e8ea	0	67	47	0	0	0	0	0	0	0	0	57	0	0	38	0	0	0	0	63	79	58	0	0	35	0	0	0	50	34	59	74	71	133	113	141	65	59	0	0	0	0	0	0	0	0	0	0	0	77	0	0	0	0	199	69	0	0	0	0	0	0	0	0	0	0	0	0	0	0	0	0	0	37	0	0	0	0	0	0	0	0	0	0	0	0	0	0	109	0	0	0	0	0	14	0	10	0	0	0	0	20	0	0	0	0	83	0	0	0	0	0	0	0	0	0	34	0	0
91906c7e65ecb8b42499aa2c86faf944	0	21	0	0	8	13	18	6	10	15	0	0	11	0	0	0	3	12	0	46	60	80	11	0	0	31	27	64	52	23	55	9	15	52	67	19	44	15	0	0	0	50	57	0	7	47	38	0	0	0	0	0	0	15	23	0	0	0	0	0	0	0	0	0	0	0	0	0	0	0	0	0	0	0	0	0	0	0	0	0	0	0	6	0	0	0	0	0	58	0	0	0	0	0	0	0	0	0	6	0	0	0	0	0	48	0	37	0	0	0	5	0	0	0	0	0	0	0	0
9932ab474f1ddea0ae8865b176ed2c0f	0	35	0	0	19	36	9	0	0	0	0	0	57	0	0	0	0	0	0	76	75	73	0	0	0	88	58	73	55	40	65	0	0	0	0	0	0	9	0	0	0	53	49	0	0	0	0	0	0	0	0	0	0	0	12	0	0	0	0	0	0	0	0	0	0	0	0	0	0	0	0	0	0	0	0	0	0	0	0	0	0	0	0	0	0	0	0	0	48	0	0	0	0	0	6	0	5	0	0	0	0	0	0	0	0	0	0	0	0	5	20	0	0	0	0	0	0	0	0
9abd5e4382d86bfc4f5f6eff28933d3d	20	0	0	10	23	0	0	0	0	0	0	0	0	0	0	0	0	117	0	0	0	0	0	28	38	66	72	0	0	0	0	0	0	0	0	0	0	0	0	0	0	0	0	0	0	0	0	0	0	0	0	5	87	9	0	0	0	0	0	8	0	0	0	0	0	0	0	0	0	0	0	0	0	0	0	0	0	0	0	0	0	0	0	0	0	0	12	0	0	0	0	0	0	3	0	0	0	0	0	0	0	0	0	0	0	0	0	0	0	0	0	0	0	0	0	0	0	0	0
9d9cce59f55f5ad46eaaaf360e0b1ec6	0	0	0	0	0	0	0	0	0	0	15	24	0	10	29	14	0	0	0	0	0	0	0	0	0	0	0	0	0	0	0	0	0	36	41	26	12	20	19	38	16	0	0	60	57	10	25	43	26	0	0	0	0	0	0	0	0	0	0	0	0	0	0	0	0	0	0	0	0	0	0	29	0	46	0	0	0	74	10	4	0	0	0	0	0	0	0	0	0	0	0	0	0	0	0	0	0	0	0	0	8	0	0	0	31	0	0	0	7	0	0	0	23	0	0	10	16	0	0
ad75c0e56de545cb0ab128cb0ab9846a	0	26	14	0	12	24	29	18	8	15	32	42	22	16	37	30	15	10	0	56	75	97	9	0	0	74	57	78	51	37	56	59	45	52	82	28	35	33	44	69	22	48	41	60	47	31	47	43	55	89	19	0	0	0	9	28	0	0	0	0	0	0	0	0	0	0	6	0	0	0	0	0	0	0	0	0	0	0	0	0	0	0	0	0	0	0	0	0	79	0	8	0	0	0	0	0	57	0	0	0	0	0	0	0	22	0	29	0	0	0	10	0	21	0	0	13	23	0	0
aed6794ad885138c4236be296bdbb42d	22	0	0	9	0	15	24	0	0	12	0	35	0	15	0	31	0	45	0	0	0	40	11	19	23	48	0	55	36	15	40	0	0	38	28	34	16	26	28	38	12	26	0	0	31	0	0	45	20	47	0	0	34	0	134	0	0	0	0	0	0	0	0	0	0	0	0	16	0	0	0	0	0	11	0	0	0	0	0	0	0	0	0	0	0	0	0	0	0	0	0	0	0	0	0	0	0	0	0	0	0	0	0	0	17	0	0	0	0	7	0	0	0	0	0	0	24	0	0
b19b12db3ed349c79dd7ff2f66911ff0	136	89	7	6	28	44	46	4	26	0	60	117	17	17	25	32	26	240	0	218	213	124	8	72	105	227	100	66	49	49	202	16	44	69	108	26	91	29	74	125	16	129	87	117	130	54	70	29	41	227	20	6	165	56	537	0	0	0	0	0	0	4	0	22	0	0	0	0	0	0	0	0	0	6	0	21	0	31	0	0	0	0	10	0	0	6	107	11	391	3	0	2	0	8	20	0	26	0	7	0	0	0	0	0	118	0	187	0	10	7	30	0	66	3	0	52	79	0	0
b4f32c9e4cddf3d9b1f26cef2c073d3e	101	62	14	55	34	15	30	38	20	35	117	106	16	20	90	69	54	249	12	86	101	145	39	142	105	196	135	119	183	28	50	115	116	143	190	244	120	183	105	142	64	73	104	94	83	62	86	228	109	232	277	7	298	40	324	0	6	9	10	13	0	18	0	0	0	0	78	0	0	0	0	0	54	0	0	0	0	29	0	25	0	0	0	0	0	23	89	12	203	0	14	8	22	16	18	0	191	4	40	0	0	14	10	14	306	8	138	0	0	13	68	0	21	4	0	52	94	8	0
b54479533db5fbd055d55e9524f03f8e	0	0	0	0	64	0	0	14	33	25	83	56	40	26	16	59	65	0	0	20	33	102	40	123	127	25	70	11	0	0	9	68	92	0	110	16	45	28	173	39	46	74	67	38	50	46	54	8	57	41	126	0	0	109	0	0	0	138	0	0	0	0	0	0	0	0	0	0	0	0	0	25	0	0	0	0	0	0	0	0	0	0	0	0	0	0	3	0	14	8	12	62	195	0	12	0	0	0	0	0	12	5	27	11	424	0	599	0	0	8	0	4	42	4	0	50	81	0	0
b856825e3e8fa2a9a867a8391c77c92a	0	0	0	0	0	4	11	0	0	0	0	18	9	0	0	0	0	3	0	0	0	0	0	0	0	0	0	18	23	14	31	0	0	0	0	0	0	0	0	14	0	8	0	7	9	0	0	0	0	24	0	0	0	0	0	0	0	0	0	0	0	0	0	0	0	0	0	0	0	0	0	0	0	0	0	0	0	0	0	0	0	0	0	0	0	0	0	0	0	0	0	0	0	0	0	0	0	0	0	0	0	0	0	0	0	0	0	0	0	0	0	0	0	0	0	0	0	0	0
c005f0c5f378d00de7d1247cfff924fc	0	15	9	0	10	10	11	16	0	0	0	0	0	0	0	0	0	0	0	30	31	45	9	0	0	43	42	19	28	16	42	29	24	0	0	0	0	0	0	0	0	10	21	0	0	0	0	0	0	0	0	0	0	26	38	39	0	0	0	0	0	10	5	0	0	37	0	0	0	0	0	0	0	0	0	0	0	0	0	0	0	0	0	0	0	0	0	0	61	20	21	0	0	42	18	0	0	5	0	0	0	0	0	0	0	0	24	0	0	0	16	0	0	0	0	0	0	0	0
c772953cbb0dcb2197ceafaa9786c7b9	0	45	0	21	0	0	0	0	0	0	60	36	0	0	0	0	0	16	0	0	0	55	0	80	90	0	0	0	0	5	0	33	52	19	78	0	30	0	110	0	0	0	43	0	41	0	0	0	0	0	78	0	0	0	0	0	2	95	29	0	0	0	0	0	0	0	9	42	0	0	0	0	43	0	0	20	0	46	0	0	0	0	0	0	0	0	0	0	0	0	0	0	160	0	0	0	0	0	0	4	0	0	0	0	275	16	351	5	0	0	118	0	0	0	0	0	0	0	0
ce89b699a5fe566492d1fc2abb89cd06	37	15	0	22	0	0	6	0	0	0	0	0	0	0	9	0	0	33	0	14	18	17	0	30	22	0	0	10	7	6	0	0	0	0	0	12	0	10	0	0	0	13	0	0	9	8	0	0	0	13	0	0	29	0	47	0	0	0	0	0	0	0	0	0	0	0	0	0	0	0	0	0	0	0	0	0	0	0	0	0	0	0	0	0	0	0	16	0	22	0	0	0	0	0	0	0	0	0	0	0	0	0	0	0	0	0	0	0	0	0	0	0	0	0	0	0	0	0	0
ceaa352d74a5209958a7fb33c54bd092	52	0	10	9	0	0	0	0	0	10	9	0	25	0	21	23	0	21	0	0	0	36	0	0	0	26	13	0	0	0	0	25	30	13	0	37	15	30	0	10	0	44	41	0	0	0	15	65	33	18	0	0	17	0	0	0	0	0	0	0	0	0	0	0	0	0	0	0	0	0	0	0	0	40	0	0	0	0	0	0	0	0	0	0	0	0	0	0	0	0	0	0	0	0	0	0	0	0	0	0	0	0	0	0	0	0	51	0	0	0	0	0	0	0	0	7	0	0	0
d0fc9bc07285f9e646432d5c195dc748	0	15	17	0	0	0	0	0	0	0	0	0	0	0	37	22	0	0	0	20	0	57	0	0	0	0	0	0	0	0	0	0	0	0	0	35	31	0	0	0	0	36	28	0	0	27	43	60	34	31	5	0	0	0	59	0	0	0	0	0	0	0	0	0	0	0	0	0	0	0	0	0	0	0	0	0	0	0	0	0	0	0	0	0	0	0	0	0	37	0	0	0	0	0	0	0	0	0	0	0	0	0	0	0	0	0	0	0	0	0	31	0	0	0	0	0	39	0	0
de9693f00c2729ac9161e034c4710926	38	0	0	22	17	58	60	74	32	39	73	59	28	43	57	25	37	71	0	108	95	81	26	53	0	82	47	102	62	52	71	117	115	195	128	210	93	88	71	111	30	61	43	101	104	97	77	99	29	116	30	0	30	0	229	72	0	0	0	0	0	9	0	0	0	0	28	15	0	0	0	0	0	0	60	0	0	80	0	0	56	0	22	0	0	0	0	0	126	0	11	0	0	0	0	0	0	0	16	21	0	0	0	0	163	0	176	0	0	0	17	0	51	0	0	15	0	0	0
e2d5ef841dbbfab4892e51db9776003d	0	27	0	0	0	23	44	0	0	0	59	28	0	0	60	0	0	0	0	32	57	33	0	0	0	15	0	43	32	33	67	0	0	21	27	0	0	24	49	24	0	15	0	0	0	21	34	0	0	19	14	0	0	15	193	0	0	0	0	0	0	0	0	0	0	0	0	0	0	0	0	0	0	0	0	0	0	0	0	0	0	0	0	0	0	0	0	0	52	0	0	0	0	0	0	0	0	3	0	0	0	0	0	0	54	0	0	0	0	0	0	0	13	0	0	7	0	0	0
e4af83cc734f6a9d696de87fa98c7928	85	36	43	50	8	48	42	36	13	19	105	97	23	24	129	29	23	129	5	128	166	77	19	48	48	95	52	71	107	41	105	79	84	113	115	158	110	112	104	128	31	48	30	74	70	56	86	107	37	156	25	21	119	17	304	15	0	0	0	0	0	0	0	13	0	0	0	0	0	0	0	0	0	49	0	0	0	47	0	32	0	0	6	0	0	0	58	0	197	0	0	0	0	0	0	0	41	0	10	0	0	0	0	3	77	0	258	4	0	0	0	0	44	0	0	31	70	0	0
f5f5ce0452238ed27dbcba5fd792f4c3	22	67	30	9	29	62	105	0	17	25	147	122	33	29	160	34	24	57	0	98	156	94	11	21	0	82	63	139	102	96	234	0	0	88	67	41	37	88	123	76	26	39	22	41	81	60	99	41	29	79	0	3	47	0	419	33	0	0	0	8	0	0	0	0	0	0	0	0	0	0	0	61	0	0	0	0	0	19	0	0	0	0	0	0	0	0	0	7	137	9	0	0	0	0	0	0	73	0	26	0	0	4	0	0	33	3	0	0	0	0	0	0	0	0	0	0	23	0	0
4778af7c436c9231ee5b1faa20c054c4	389	123	95	299	321	118	39	177	57	29	90	110	68	35	111	122	59	482	0	171	154	380	29	264	178	1379	453	195	108	46	57	278	259	145	95	324	96	138	104	199	40	186	114	137	125	80	98	215	82	338	39	13	233	163	72	90	0	32	0	23	0	0	3	0	0	19	0	0	0	0	0	0	0	16	0	0	0	28	0	18	0	0	0	0	0	13	111	0	139	0	0	0	0	35	35	0	0	0	0	0	0	0	0	0	27	0	386	7	0	6	35	0	25	0	8	65	157	0	0
fd7641cf059de28cdbb0136ac5dc499d	1144	311	258	57	216	104	455	658	56	447	682	1652	91	87	841	440	132	1636	26	495	566	414	139	165	199	780	862	558	1085	459	1051	1011	796	916	931	3881	1923	1068	600	1122	629	233	218	296	300	455	822	1164	566	402	473	410	1883	246	701	280	145	21	0	61	0	86	71	101	15	27	100	12	0	0	0	193	393	1480	79	24	0	260	113	43	0	22	29	10	0	193	848	64	683	262	130	0	20	632	286	264	2235	130	445	15	11	84	107	415	799	17	1188	532	167	132	157	0	74	55	11	301	567	13	0
0250b271977e527101b6a678c57bcd56	169	106	65	197	36	69	121	0	48	29	175	0	40	48	101	50	59	223	0	211	101	154	13	195	92	135	67	180	91	89	153	0	7	212	142	78	44	153	131	0	0	84	44	186	129	64	58	101	36	208	42	11	121	8	132	4	0	0	0	9	0	0	0	0	0	0	0	0	0	0	0	0	0	0	0	6	5	0	0	0	0	0	0	0	65	10	22	12	275	12	0	5	0	8	0	8	133	0	15	0	0	15	0	0	67	0	0	0	0	12	29	0	67	0	0	48	83	0	0
0f01c16f26d692240b06aa7e387d3160	1817	800	385	1084	368	324	466	741	125	208	53	1042	605	427	1126	651	270	2289	16	1201	810	1842	389	1507	891	2226	1291	1448	1545	570	821	1392	1192	1271	1117	1293	483	422	109	1480	407	1565	1423	2475	1709	1065	1011	1915	688	1227	352	174	1477	114	1489	111	101	38	111	92	27	61	109	11	0	23	282	35	4	0	0	0	93	368	0	40	108	755	96	73	0	19	0	0	0	61	618	65	1275	295	153	24	53	229	139	135	1311	33	198	23	13	91	61	30	918	11	1332	104	52	229	701	26	665	41	22	442	1007	0	12
3e75811428b84018c6e7efa117a19b7f	494	168	114	353	183	301	216	299	93	26	235	303	117	270	206	285	123	743	0	327	245	517	60	397	286	477	266	427	346	158	380	218	413	298	354	96	37	197	280	396	62	273	188	406	334	133	145	463	427	475	95	0	478	75	357	45	0	13	0	10	14	22	0	0	0	3	0	0	2	0	0	0	0	0	0	0	0	0	0	0	0	0	0	0	0	14	238	14	334	0	30	0	10	15	33	0	121	0	19	4	0	11	0	0	347	9	1038	0	0	17	27	0	182	6	0	112	362	0	0
69cdd4a6590a33c7001ad4445a3a358b	43	25	0	0	0	16	0	0	0	0	0	0	0	0	0	0	0	96	0	38	43	63	19	20	32	0	0	54	81	0	63	18	28	0	0	0	0	0	0	0	0	0	0	0	0	0	0	12	0	0	0	0	89	0	10	16	0	0	0	0	0	0	0	0	0	0	5	0	0	0	0	0	0	0	0	0	0	0	0	0	0	0	0	0	0	0	0	0	67	0	0	0	0	0	0	0	58	0	0	0	0	0	0	0	0	0	38	0	0	0	0	0	0	0	0	0	0	0	0
a3091abfe4af2afce7e48b914d73fc9d	16	36	15	0	0	58	59	0	27	23	150	78	85	33	14	60	60	37	0	98	96	216	19	0	0	30	0	180	182	90	188	0	6	95	156	68	57	125	195	144	22	137	120	117	97	43	32	99	57	261	55	0	30	0	90	0	0	0	0	0	0	0	0	0	0	0	0	0	0	0	0	31	0	40	0	0	0	25	7	0	0	0	10	0	0	0	13	0	106	0	10	0	0	0	0	0	54	0	18	0	0	0	0	0	75	0	0	9	0	0	46	0	47	0	0	53	93	0	0
1451ad8f02adef43599b404f879882df	316	211	37	122	173	278	251	117	94	145	319	782	278	104	398	365	101	162	2	295	271	221	34	98	86	295	199	585	511	289	566	186	180	427	378	320	91	317	204	358	82	169	249	297	273	157	126	369	241	477	61	0	94	118	141	0	0	20	0	0	78	0	0	0	3	24	14	0	0	0	0	58	0	122	5	0	0	94	10	11	0	0	0	0	0	5	31	25	148	14	14	0	0	17	19	14	175	0	46	7	0	15	10	0	294	4	330	8	17	9	71	3	109	6	0	112	211	0	0
6d276685ac8cf004e4a6b09fdaf54813	0	0	0	0	0	0	0	0	0	0	41	0	0	0	0	0	0	12	0	11	0	103	15	0	0	0	0	27	58	26	70	0	0	0	0	0	0	45	69	0	0	0	0	6	0	0	0	14	0	0	0	0	7	0	0	5	0	0	0	0	0	0	0	0	0	0	0	0	0	0	0	0	0	0	0	0	0	0	0	0	0	0	0	0	0	0	0	0	0	15	0	0	8	0	0	0	55	0	35	0	0	0	0	0	0	0	0	0	0	0	0	0	0	0	0	0	0	0	0
2fff73f7e920ddd16a184f7b36317d98	42	42	0	12	16	28	34	13	13	0	35	82	7	13	45	55	20	52	0	71	59	64	15	31	14	44	48	51	48	30	56	38	37	53	63	29	16	49	37	95	22	37	29	47	61	29	32	71	37	77	12	0	39	0	79	0	0	0	0	0	0	0	0	0	0	0	57	0	0	0	0	32	0	0	0	0	0	39	0	0	0	0	0	0	0	0	0	0	31	0	0	0	0	0	0	0	20	0	0	0	0	0	0	0	35	0	99	7	0	0	0	0	36	0	0	25	43	0	0
3c8cf5c5f0d920d689c0dfe7870d4805	21	0	0	0	0	0	0	0	0	0	0	34	0	0	0	27	0	34	0	20	0	29	0	0	16	0	0	30	0	0	31	0	0	21	30	17	0	0	0	32	0	0	0	22	21	11	0	29	0	28	0	0	0	0	146	0	0	0	0	0	0	0	0	0	0	0	0	0	0	0	0	0	0	0	0	0	0	0	0	0	0	0	0	0	0	0	0	0	0	0	0	0	0	0	0	0	23	0	0	0	0	0	0	0	0	0	0	0	0	0	0	0	0	0	0	0	0	0	0
63824defa05bc0d1c9615d56be49d50b	33	0	7	33	19	20	13	12	0	6	9	14	4	6	20	13	8	70	3	27	28	40	0	53	51	64	42	39	22	15	24	26	18	7	12	12	10	6	17	12	0	11	0	11	20	17	14	13	0	22	6	0	61	6	9	0	0	0	0	8	0	8	0	0	0	0	0	0	0	0	0	0	0	0	0	0	0	0	0	0	0	0	0	0	0	0	28	0	0	0	0	0	0	0	0	3	0	0	3	0	0	0	0	0	24	0	22	0	0	0	0	0	16	0	0	5	6	0	0
9582103d2308a5094b1fa806ecd0e674	245	64	27	53	30	31	50	134	20	0	140	61	28	46	109	71	30	239	0	72	58	153	17	106	63	131	98	69	55	46	84	283	293	77	44	65	34	169	146	82	23	58	32	94	73	44	77	109	46	192	25	6	208	0	209	0	0	11	0	12	0	0	0	0	0	0	0	0	0	0	0	9	0	0	0	0	0	36	2	0	0	0	40	0	0	9	58	5	70	0	0	0	0	0	11	0	0	0	13	0	0	0	0	0	29	0	447	0	0	0	7	0	59	6	0	22	46	0	0
00a406c81cbbd191e3cab85c3e2ddca5	43	19	14	12	21	13	20	28	12	19	57	54	20	25	38	67	15	61	0	32	39	54	9	44	19	78	60	72	134	19	49	86	96	23	47	32	69	27	78	60	30	45	53	45	39	45	78	27	54	91	33	16	24	76	35	66	24	46	0	0	0	28	0	8	0	75	36	0	0	0	0	82	257	125	0	0	4	60	0	0	0	0	0	0	0	0	16	0	74	25	25	0	0	47	12	28	100	0	20	12	0	6	0	10	60	0	145	15	10	17	27	0	11	16	0	37	83	0	0
0363df3e7160446b087209ec283fab45	135	54	42	47	56	51	63	85	17	27	152	98	20	41	71	87	62	126	0	47	48	82	26	25	24	125	91	111	116	69	122	45	49	48	51	120	99	125	203	135	27	48	35	62	73	46	55	142	87	319	79	43	119	180	0	219	23	49	0	21	0	113	0	20	0	60	0	0	9	0	0	156	0	69	0	0	0	56	0	0	0	0	0	0	0	23	22	25	106	58	68	0	0	249	40	101	293	40	47	13	15	13	0	0	47	14	57	60	34	36	43	0	28	28	0	53	88	6	0
18bda817a6acd8c238db4768702123e3	34	120	77	107	46	55	142	39	55	43	102	169	54	92	205	126	53	64	18	257	233	213	41	122	113	180	100	151	110	127	298	92	102	172	249	138	117	102	129	230	57	148	130	271	310	108	139	192	138	180	36	0	38	172	626	232	21	255	0	0	0	113	0	58	0	55	30	0	0	0	0	63	0	228	0	0	0	380	36	0	0	0	0	0	0	51	0	36	459	186	178	23	0	187	54	109	259	80	54	24	0	33	0	0	119	0	154	136	97	77	91	15	73	48	33	86	138	0	14
334f7328673a942af1c7ba68bfe86d5b	49	37	0	10	0	0	45	13	0	0	49	40	12	0	24	45	0	52	0	30	35	66	33	30	12	17	39	28	40	0	35	42	31	0	34	16	26	0	40	29	31	42	31	26	21	38	35	0	39	34	0	0	70	22	0	0	0	30	0	0	0	0	26	0	0	0	38	0	0	0	0	62	0	64	16	0	0	77	0	15	0	0	0	0	0	0	16	0	98	0	0	0	0	0	0	0	40	0	35	0	0	0	0	0	53	0	70	0	0	0	52	0	20	0	0	16	59	0	0
38db7efedec3b49eb62c4b8f7f516a29	0	20	18	33	15	9	34	0	0	0	73	29	22	11	27	24	16	33	0	39	62	90	24	53	54	51	44	72	83	60	137	33	31	62	88	22	12	100	83	35	14	60	46	45	44	22	21	68	27	79	22	0	27	49	14	0	15	0	0	0	0	0	0	0	0	0	0	0	0	0	0	0	49	65	0	0	0	39	0	0	0	0	0	0	0	0	24	0	29	0	10	0	0	0	0	0	26	0	13	0	0	0	0	0	55	0	26	0	0	0	0	0	16	0	0	20	34	0	0
5d10a622068afa2a45d21890a969cc66	34	7	0	0	0	7	0	0	0	0	27	22	0	0	13	16	0	27	0	15	17	46	0	13	0	13	11	10	25	9	28	18	24	0	25	0	15	0	20	27	10	14	20	0	18	13	0	0	23	15	0	0	43	28	0	0	0	0	0	0	0	0	0	0	0	0	0	0	0	0	0	58	0	19	0	0	0	20	0	0	0	0	0	0	0	0	0	0	39	0	0	0	0	0	0	0	25	0	12	0	0	0	0	0	33	0	21	0	0	0	25	0	0	0	0	0	33	0	0
9608d1ed1ae272648b63de482e0a34b4	23	0	0	14	0	23	0	0	0	0	20	0	17	11	25	47	0	57	0	0	36	37	0	0	0	0	0	24	0	31	0	42	37	0	23	0	30	10	0	28	0	0	13	0	0	0	0	0	23	19	0	0	26	45	102	0	0	0	0	0	0	8	0	0	0	0	0	0	0	0	0	0	0	131	0	0	0	0	0	0	0	0	0	0	0	0	0	0	46	0	0	0	0	0	0	0	0	0	39	0	0	0	0	0	0	0	72	0	0	0	37	0	19	0	0	21	41	0	0
9c588db012b6136d0bea3d78b62f15ec	28	0	0	0	0	0	0	22	0	34	22	43	0	0	0	0	0	0	0	0	0	39	0	0	29	23	0	0	37	0	52	0	0	0	24	27	0	32	44	0	0	0	16	0	32	0	0	0	24	20	39	20	20	0	0	0	0	0	0	0	0	0	0	0	0	38	0	0	0	0	0	71	0	0	0	0	0	0	0	0	0	0	0	0	0	0	0	0	0	37	0	0	0	0	0	0	0	0	0	0	0	0	0	0	35	0	0	0	0	0	0	0	0	0	0	0	0	0	0
f0c51de66c7ba0d844e8273845c3a148	0	0	0	0	0	0	0	0	0	0	0	0	0	0	0	0	0	0	0	0	0	0	0	0	0	0	0	0	0	0	0	0	0	0	0	0	0	0	0	0	0	0	0	0	0	0	0	0	0	0	0	0	0	0	0	0	0	0	0	0	0	0	0	0	0	0	0	0	0	0	0	0	0	0	0	0	0	0	0	0	0	0	0	0	0	0	0	0	0	0	0	0	0	0	0	0	0	0	0	0	0	0	0	0	0	0	0	0	0	0	0	0	0	0	0	0	0	0	0
1596e22ef283fb397d99e2cff31bdad4	52	0	0	0	0	0	0	0	0	0	0	0	0	0	0	0	0	42	0	0	0	0	0	0	0	0	0	0	0	0	0	22	19	0	0	0	0	0	0	0	0	0	0	0	0	0	0	0	0	0	0	0	58	0	0	0	0	0	0	0	0	23	0	0	0	23	0	0	0	0	0	0	0	0	0	0	0	0	0	0	0	0	0	0	0	0	0	0	0	0	0	0	0	0	0	33	0	0	0	0	0	0	0	0	0	0	0	0	0	0	0	0	0	0	0	0	0	0	0
c175ae81d05b8a6398283f16343f87f9	199	51	24	167	53	28	51	70	19	26	209	146	36	40	36	64	31	193	0	122	114	113	25	154	114	273	164	89	79	43	99	186	217	46	133	40	63	59	245	187	47	100	71	105	128	53	56	49	84	196	49	59	224	105	275	234	86	138	0	35	0	45	0	0	0	91	38	0	0	0	0	36	0	188	0	23	0	32	0	14	0	0	0	0	0	0	76	16	257	59	21	0	17	238	63	78	138	16	26	12	0	14	29	0	141	0	266	54	45	49	28	0	56	13	0	51	113	0	0
a45148a6c1c7b3182012ee54c99ce070	83	20	10	25	0	16	18	8	11	12	43	63	15	15	44	38	17	130	0	48	48	80	10	49	44	49	33	53	58	20	50	16	15	50	86	41	51	53	64	79	10	75	55	79	74	53	34	64	35	98	25	12	119	17	0	36	27	28	0	0	0	5	0	33	0	0	0	12	0	0	0	0	0	91	0	0	0	57	0	0	0	0	0	0	0	0	42	0	27	0	4	0	0	0	0	0	24	0	0	0	0	3	0	0	41	0	0	0	0	0	18	0	0	0	5	28	49	0	0
33487598f9cfd4bc0803be4596b296b4	151	51	62	50	19	61	81	0	21	91	94	0	71	33	117	50	60	288	0	120	106	236	50	102	84	77	55	212	159	94	148	0	0	146	120	529	240	137	95	0	0	172	132	91	85	155	162	228	83	224	68	0	310	48	208	0	0	0	0	0	0	14	0	0	0	0	0	0	0	0	0	47	0	0	0	0	0	26	0	0	0	11	20	0	0	0	140	0	137	0	0	0	0	0	5	9	70	0	11	0	0	8	0	0	64	0	0	0	0	14	0	0	54	0	0	59	163	0	0
03c983a054ac71f40a30031f9588aa4f	0	0	0	0	0	61	121	0	72	69	0	208	43	0	0	119	0	0	0	0	0	197	68	0	0	64	0	277	530	150	411	0	0	394	408	500	220	93	0	241	111	197	208	0	0	42	44	269	117	136	0	0	0	0	0	0	0	0	0	0	57	0	0	0	0	0	277	0	0	0	0	0	0	0	0	0	0	0	0	0	0	0	0	0	0	0	0	0	0	0	0	0	0	0	0	0	176	0	133	0	0	43	0	39	392	0	0	0	0	0	123	0	0	0	0	72	189	0	0
11bfa3a00f4ce144c255af9c50f60e4e	0	0	0	0	0	0	0	0	0	0	0	0	18	0	0	0	0	39	0	0	0	0	0	0	0	0	0	0	10	0	0	0	0	0	0	0	0	0	0	0	0	0	0	0	23	0	0	0	0	0	0	0	0	27	0	0	0	0	0	0	0	0	0	0	0	0	0	0	0	0	0	0	0	0	0	0	0	0	0	0	0	0	33	0	0	0	0	0	0	0	0	0	0	0	0	0	0	0	0	0	0	0	0	0	0	0	81	0	0	0	0	0	0	0	0	0	0	0	0
1428594f335e05350d27aabbbf9691f0	172	0	0	0	0	0	0	0	0	0	0	0	0	0	0	0	0	407	0	0	0	0	0	0	0	0	0	25	0	0	0	0	0	0	0	0	0	0	0	0	0	0	0	0	0	0	0	21	0	0	0	0	212	0	0	0	0	0	0	0	0	0	0	0	0	0	0	0	0	0	0	0	0	0	0	0	0	0	0	0	0	0	0	0	0	0	132	0	0	0	0	0	0	0	0	0	0	0	0	0	0	0	0	0	0	0	0	0	0	0	0	0	0	0	0	0	0	0	0
2b361a2f73cf44e4f15039ea675fd52a	2265	795	85	757	19	0	27	31	0	0	0	0	0	0	111	455	169	5810	118	1098	1043	1739	383	3330	2287	94	54	89	39	101	60	53	40	104	63	91	48	86	26	76	0	70	0	63	54	486	558	323	212	88	45	30	4739	35	984	0	19	63	23	0	0	0	0	0	0	9	0	0	10	0	0	0	0	0	0	0	0	0	0	0	0	0	0	0	0	231	3749	53	2590	28	83	18	0	0	0	0	0	0	0	0	0	0	0	0	0	0	33	27	36	0	0	0	16	0	33	278	503	0	14
304366cb02cbad86f14181a5e14c3bb3	0	0	0	0	0	89	145	0	100	124	0	293	0	0	0	134	0	0	0	0	0	224	68	0	0	65	0	366	580	188	455	0	0	489	431	597	307	104	0	290	136	240	244	0	0	46	61	330	133	166	0	0	0	0	0	0	0	0	0	0	0	0	0	0	0	0	206	0	0	0	0	0	0	0	0	0	0	0	0	0	0	0	0	0	0	0	0	0	0	0	0	0	0	0	0	0	281	0	150	0	0	0	0	0	444	0	0	0	0	0	167	0	0	0	0	90	217	0	0
312bfa3bd62e4121a210a0f1720a0bde	0	203	80	0	21	205	405	0	184	247	0	661	174	0	78	368	41	98	0	379	437	543	170	93	58	192	57	1044	1492	462	1239	37	42	1239	1202	1584	726	275	74	768	353	612	580	105	59	150	156	795	352	399	51	0	0	0	504	0	16	0	0	0	89	7	0	0	0	0	424	0	0	0	0	0	34	0	0	0	0	0	0	0	0	41	102	0	0	0	0	0	586	0	71	0	24	0	0	42	689	18	526	0	0	95	59	56	989	0	0	0	0	113	250	0	0	0	0	271	479	0	0
6878fb447c344d84962f691dc7a13f73	0	33	40	0	0	217	130	51	0	125	400	0	0	0	44	199	204	76	0	92	65	657	110	33	17	77	15	532	634	261	525	168	187	52	15	310	143	435	812	28	0	20	0	42	0	107	67	316	166	923	210	0	0	0	0	0	0	0	0	0	0	0	0	0	0	0	0	0	0	0	0	0	0	0	0	0	0	0	0	0	0	0	13	0	0	0	0	0	90	0	16	0	0	0	0	31	564	0	62	0	0	0	0	0	0	13	240	0	0	0	0	0	0	0	0	93	118	0	0
bc47e170c7b1187ce11a97affd378bff	0	21	0	0	0	0	0	0	0	0	0	39	0	0	17	26	0	73	0	0	56	0	0	90	0	52	52	69	0	40	93	43	0	119	0	95	37	0	0	0	0	0	0	0	0	118	45	0	47	0	0	0	0	0	0	0	0	0	44	0	0	0	0	0	0	0	0	0	0	0	0	0	0	0	0	0	16	0	0	0	0	0	0	0	0	0	0	0	0	0	0	0	0	0	0	0	0	0	0	0	0	0	0	0	0	0	0	0	12	0	0	0	0	0	0	0	0	0	0
bf795ec0789f0beb9c3d0cedf059ed53	1597	1023	701	1463	202	787	1379	449	260	174	203	2468	460	242	147	251	468	2419	46	1853	1695	3516	795	2953	2163	1521	1023	2231	2113	1755	4291	752	789	2376	1827	1674	655	634	425	3422	798	1589	1280	2056	1558	387	306	675	256	1923	381	28	2202	335	1837	341	35	60	0	44	76	451	0	0	16	4	184	184	8	0	0	0	131	0	0	52	262	0	0	0	0	0	14	48	0	20	715	50	1986	108	57	20	34	62	103	98	688	19	377	42	13	139	33	25	984	0	1269	59	40	167	288	19	923	13	27	108	122	27	17
c5481c14c182a43d18603a2c117d9bb0	39	0	0	27	26	27	26	0	0	0	25	0	0	0	0	0	0	102	0	134	0	79	0	0	60	62	0	61	85	0	0	0	68	152	59	0	0	127	57	80	21	58	56	92	69	185	0	89	0	67	39	0	0	0	0	0	11	0	66	0	0	0	0	0	0	0	0	0	0	0	0	0	0	0	0	0	0	0	0	0	0	0	0	0	0	0	0	0	0	0	21	0	0	0	0	0	0	0	0	0	10	0	0	0	0	0	0	0	0	0	0	0	0	0	0	0	0	0	0
f6f232a58801557c4716c0b263d471f3	1330	445	60	468	0	0	0	0	0	0	0	0	0	0	66	257	90	3361	0	646	640	1023	270	1891	1283	0	0	0	49	0	0	0	0	0	0	0	0	0	31	0	0	0	0	0	0	324	393	206	123	0	0	0	3029	0	703	25	0	0	0	0	0	0	0	0	13	0	0	0	0	0	0	0	0	0	0	0	0	0	0	11	0	0	0	0	0	135	2154	0	1641	0	0	0	56	0	0	0	0	0	0	0	0	0	0	0	0	0	0	0	0	0	0	6	0	0	0	181	374	0	0
95ffe1cb21830db3bd639dd1d987cc61	996	463	168	652	744	392	234	252	105	106	352	592	69	119	242	800	319	1481	16	714	445	1158	160	1153	880	2703	1340	768	629	261	400	384	363	667	314	918	238	678	446	887	144	244	164	712	485	390	315	1502	364	1125	154	6	831	324	532	99	0	112	0	9	5	0	0	0	0	0	81	41	0	0	0	0	0	0	29	0	0	0	0	0	0	0	12	0	14	17	520	0	627	12	44	20	0	45	58	28	243	4	60	11	0	23	8	0	527	7	561	6	12	12	89	4	192	4	0	276	555	0	0
0e22d51ebfa2d0def7d3617ed9f9cc5d	0	0	0	90	87	0	0	0	0	13	94	31	0	0	68	243	0	67	0	65	33	0	0	255	161	780	665	56	0	0	41	0	29	62	0	61	33	610	660	39	0	84	55	175	139	249	197	838	321	77	0	0	0	0	12	0	0	0	0	36	0	0	0	0	0	0	0	0	0	0	0	0	0	0	0	0	0	0	71	0	0	44	0	0	19	0	0	0	0	0	0	14	0	92	39	0	0	0	0	0	0	0	0	0	52	10	0	0	0	0	0	0	82	0	0	260	467	0	0
0f67c88823a680ab5a1ec37016573112	0	39	0	0	14	332	104	0	198	0	232	208	282	202	0	115	133	0	5	70	0	509	79	40	0	81	0	616	574	338	515	32	0	320	215	0	0	199	352	424	72	508	293	470	462	78	44	86	0	61	0	0	0	40	0	108	0	0	0	0	188	0	0	0	0	0	0	0	0	0	0	0	0	0	0	12	18	85	0	0	0	0	32	0	0	0	0	0	0	0	0	0	9	0	0	0	320	0	97	0	4	0	0	11	112	0	0	0	29	0	407	12	211	9	11	0	76	0	0
4b7a65f7a07df354e6984f3358097446	0	0	0	0	0	0	0	0	0	49	0	0	0	0	0	0	0	0	0	0	0	0	0	0	0	0	0	0	0	0	0	0	0	0	0	67	57	0	0	0	0	0	0	0	0	0	0	0	0	79	0	0	0	0	0	0	0	0	0	0	0	0	0	0	0	0	0	0	0	0	0	0	0	0	0	0	0	0	0	0	0	0	0	0	0	0	0	0	0	0	0	0	0	0	0	0	0	0	0	0	0	0	0	0	0	0	0	0	0	0	0	0	0	0	0	0	0	0	0
529a1efa3efd3cbb857c710db46a4c31	0	0	0	0	0	0	0	0	0	0	0	0	96	0	0	0	0	0	0	0	0	0	0	15	0	0	0	0	0	0	0	0	0	0	0	35	0	20	0	0	0	373	200	0	0	0	0	0	0	0	0	0	0	9	0	0	0	0	0	0	0	0	0	0	0	0	0	0	0	0	0	0	0	0	0	0	0	0	0	0	0	0	0	0	0	0	0	0	0	0	0	0	0	0	0	0	0	0	0	0	0	0	0	0	0	0	0	0	0	43	355	0	0	0	0	0	0	0	0
91ecc950f9b6a538ac0fbb2e57c20011	31	0	45	23	0	522	129	13	302	103	447	354	499	304	54	149	163	159	0	146	46	806	128	51	51	170	54	928	881	557	830	0	47	491	349	150	116	344	544	717	131	767	483	725	698	149	80	202	70	202	60	0	0	0	9	0	8	0	0	0	0	47	0	0	0	0	0	48	0	0	11	70	71	268	11	0	0	91	28	0	0	0	0	0	0	0	0	0	30	18	44	0	0	17	0	31	440	12	152	0	0	48	20	0	224	14	4	11	0	71	653	0	291	0	0	111	127	0	0
bd5a75e6a71b8a623e78e3d79e835f23	54	30	0	0	0	18	0	0	11	0	14	23	8	0	14	0	10	108	0	56	35	8	0	5	0	33	16	41	30	0	0	0	0	38	36	79	51	43	23	45	5	40	21	26	47	17	21	11	0	87	28	0	76	23	77	0	0	0	0	0	0	0	0	0	0	0	0	0	0	0	0	0	0	0	0	0	0	0	0	0	0	0	0	0	0	0	20	0	49	0	0	0	0	0	0	0	0	0	0	0	0	0	0	0	20	0	0	0	0	0	0	0	18	0	0	0	0	0	0
f68405f867979a28365e9aa03e6707ec	0	0	0	0	0	0	0	0	0	0	0	0	0	0	0	0	0	36	0	0	20	0	0	0	0	0	0	0	0	0	0	0	0	0	0	24	0	0	13	0	0	0	0	0	0	0	0	0	0	0	0	0	19	0	0	0	0	0	0	0	0	0	0	0	0	0	0	0	0	0	0	0	0	0	0	0	0	0	0	0	0	0	0	0	0	0	0	0	0	0	0	0	0	0	0	0	10	0	0	0	0	0	0	0	0	0	0	0	0	0	0	0	0	0	0	0	0	0	0
3988a02c2ab9bf2faa5dd2430ffb401e	0	146	49	0	0	0	0	15	0	79	181	0	80	0	0	0	570	12	0	673	1035	25	13	18	0	32	0	13	0	0	13	0	0	0	11	47	59	178	374	18	0	20	13	0	0	0	0	48	0	2875	4417	0	0	8	947	0	0	0	0	0	0	0	0	0	0	0	0	0	0	0	0	0	56	0	0	0	0	0	0	0	0	0	0	120	0	0	0	19	1040	0	0	0	0	0	0	0	0	0	0	0	0	0	19	56	0	0	0	0	0	0	34	0	0	0	0	0	0	71	0
688d8c08c9dd5ebb787b05dcf5e4b5a8	0	324	0	0	0	270	347	117	153	177	285	1355	139	71	75	532	212	93	0	792	509	750	148	85	0	241	0	499	497	481	782	346	427	695	568	843	508	777	440	1132	544	756	589	1335	807	937	841	719	317	1286	1139	0	0	31	644	37	0	0	50	0	0	224	0	0	0	0	353	68	0	0	0	0	140	250	0	0	110	131	0	0	0	64	0	0	0	0	0	0	1703	0	0	0	0	0	0	0	1009	0	870	0	0	92	0	0	1097	0	1129	0	0	115	354	0	489	0	0	344	640	0	0
8d17a35a143e415f456e2792870bca0c	111	1051	220	89	40	804	1083	385	476	572	869	4117	355	276	259	1622	754	345	17	2470	1401	2210	420	248	161	731	114	1441	1521	1358	2360	1066	1140	2073	1758	2458	1777	2641	1295	3511	1724	2386	1713	4339	2416	2964	2613	2329	1015	3856	3647	0	8	0	1921	0	32	0	0	0	19	725	62	8	21	111	980	0	0	0	13	52	0	738	23	175	53	605	186	155	0	86	276	70	0	0	37	156	4997	55	167	23	76	20	22	182	3514	20	2678	103	44	315	96	99	3631	56	3479	111	123	373	1352	42	1505	26	34	1129	1980	43	9
c576426f7d91fc44af9f1ee57466bd68	36	424	49	22	14	325	359	133	188	225	301	1453	110	108	82	620	275	120	3	817	519	738	149	75	55	255	54	533	573	722	825	356	428	662	640	845	536	755	455	1178	634	781	621	1537	824	927	897	745	430	1381	1283	0	0	8	382	0	12	0	0	0	0	237	0	0	0	30	349	17	0	0	0	17	61	15	0	37	0	138	0	56	0	46	101	14	0	0	0	40	896	0	67	6	19	20	6	69	1483	7	854	23	6	99	26	32	1198	18	1104	29	46	119	516	6	575	0	0	473	777	10	0
ce31153cea8ed2ed4b78142de8f3bf49	100	72	38	61	16	67	86	10	21	15	213	100	22	29	119	32	49	104	0	136	130	175	14	48	39	92	47	142	133	95	208	14	17	240	172	95	35	451	271	98	34	47	39	67	78	85	120	139	54	159	44	20	101	216	119	245	8	70	0	0	0	93	12	34	0	28	7	29	4	4	0	46	28	0	0	0	0	52	0	17	0	0	0	0	0	0	44	9	91	32	20	4	0	22	0	28	113	9	26	0	5	15	0	0	47	0	25	17	10	16	0	0	25	10	0	23	54	0	0
22297ddf6b82458608340900fa29f843	85	16	12	33	0	0	21	24	0	0	32	28	11	0	31	23	11	68	0	43	41	68	17	26	38	73	42	33	35	18	46	36	44	47	35	57	21	46	30	36	0	24	17	39	26	18	18	109	36	44	12	0	82	19	84	0	0	0	0	3	0	0	45	0	0	0	0	0	0	0	0	0	0	0	0	13	0	27	0	62	0	0	26	0	0	0	34	0	32	0	13	0	0	0	0	0	0	0	0	0	0	0	0	4	19	0	88	0	0	0	0	0	0	0	0	27	0	0	0
5d5f4a69deb37f1398a271f1218133e0	84	20	0	15	0	0	0	0	0	0	98	0	0	0	76	19	6	50	0	44	31	0	0	23	0	0	0	0	0	0	0	36	31	0	0	0	0	149	93	14	0	0	0	0	0	43	65	110	26	0	0	28	85	94	0	0	0	43	5	0	0	0	0	0	0	56	0	0	0	0	0	221	0	5	0	0	0	0	0	33	0	0	0	0	0	0	0	0	52	0	0	0	0	0	0	0	0	0	0	11	0	0	0	0	0	0	52	0	0	0	0	0	0	10	0	0	51	0	0
e67fd126a013c7f6612a8f7dc5bfb1ca	22	7	4	30	3	6	13	0	0	0	14	0	6	0	10	7	8	37	0	15	11	26	0	34	23	28	31	14	13	0	18	0	0	8	15	15	8	11	15	0	0	14	11	0	0	6	13	14	15	18	6	11	26	0	0	0	0	47	0	0	0	0	0	0	0	0	0	0	0	0	0	0	0	0	0	0	0	0	0	0	0	0	0	0	0	0	17	0	0	0	9	0	0	13	0	0	52	0	0	0	0	0	0	0	0	0	0	0	0	0	0	0	0	0	0	0	5	0	0
a99a596f0cbebb1bd067aede8ab05790	77	28	42	121	74	53	43	109	14	30	48	60	59	74	27	42	67	49	0	28	42	48	0	51	34	49	34	33	29	20	46	38	52	14	21	66	26	40	27	80	13	32	0	63	53	20	18	56	19	63	14	43	56	205	67	104	0	155	0	0	0	18	4	0	0	17	0	0	0	0	0	56	47	0	0	0	0	0	0	0	0	0	0	0	0	0	100	0	20	47	23	0	0	42	8	11	0	6	0	0	0	0	0	0	0	0	22	28	26	22	20	0	4	19	0	12	20	0	0
382c30a92804ccc404116a0ec3f8875e	29	0	17	36	21	16	21	34	0	0	17	22	0	25	11	18	25	22	0	0	0	0	0	0	11	0	12	13	0	0	0	17	14	0	0	19	0	14	0	21	0	0	18	0	11	0	0	13	0	21	0	0	26	54	0	12	77	41	0	0	0	0	0	0	0	0	0	0	0	0	0	37	127	0	0	0	5	16	0	16	73	0	0	0	0	15	0	0	0	0	0	0	0	0	0	0	19	0	0	0	0	0	0	0	0	0	0	0	14	0	13	0	0	0	0	0	0	0	0
6534ba21d17bd752bf5f5ba1bf1eaf29	0	0	0	0	0	0	0	0	0	0	0	5	0	0	0	0	0	0	0	0	0	0	0	0	0	6	0	5	0	0	0	0	0	0	0	0	0	7	0	0	0	0	0	0	0	4	0	0	0	0	0	0	0	0	0	0	0	0	0	0	0	0	0	0	0	0	13	0	0	0	0	0	0	0	0	0	0	0	0	0	0	0	0	0	0	0	0	0	0	0	0	0	0	0	0	0	0	0	0	0	0	0	0	0	0	0	0	0	0	0	0	0	0	0	0	0	0	0	0
5a9c4d7af6684ecc5f50bd8a0aa9b68f	355	398	267	619	26	156	441	202	74	23	1016	252	364	240	270	340	282	499	9	983	1006	938	266	1154	891	377	63	759	1334	626	1846	578	651	2061	2235	330	85	1844	1323	318	151	1193	1704	1635	1527	724	1033	1564	676	1481	1700	0	324	50	1061	64	9	0	95	0	64	14	0	0	0	0	175	29	0	0	0	0	69	0	0	15	6	0	0	26	0	0	0	0	101	22	133	50	1709	17	64	16	323	22	16	23	1678	17	894	6	74	71	34	17	1330	72	537	27	35	100	526	17	505	17	32	278	610	31	0
486f7ab0a0dee71358b34aedb6fea416	54	0	0	32	23	0	59	42	22	24	53	59	28	0	43	0	0	85	0	63	41	44	20	43	28	59	21	44	58	64	70	61	42	55	54	70	40	35	54	60	38	55	0	59	41	43	60	0	0	72	87	0	87	0	0	0	0	0	0	0	0	0	0	0	0	0	0	0	0	0	0	0	0	0	0	0	0	6	0	0	0	0	13	0	0	0	0	0	71	7	12	0	0	0	0	0	93	0	0	0	0	18	0	0	49	0	86	0	0	0	34	0	18	0	0	0	0	0	0
8e73c6788fb092c2159311f87380b039	0	0	0	0	0	0	0	0	0	0	0	0	0	0	0	0	0	0	0	19	0	0	0	0	0	0	0	0	0	0	0	0	0	0	0	0	0	0	0	0	0	0	10	0	0	0	0	0	0	50	0	0	0	67	0	42	0	0	0	0	0	0	0	0	0	0	0	0	0	0	0	0	0	0	0	0	0	0	0	0	0	21	0	0	0	0	0	0	0	0	0	0	0	0	0	0	6	0	0	0	0	0	0	0	63	0	0	0	0	0	0	0	0	0	0	0	0	0	0
b87d65d0492d96b18302c9671f8a04d0	0	40	39	0	0	23	0	43	0	0	58	59	0	30	0	58	42	72	0	0	0	43	0	0	0	0	0	42	0	0	61	58	43	0	56	51	40	36	58	51	0	0	62	55	0	0	0	82	47	67	67	0	0	8	17	0	0	0	0	0	0	0	0	0	0	0	41	12	0	0	0	0	0	0	0	0	0	0	0	0	0	0	0	0	0	0	26	0	0	0	0	0	0	0	0	0	96	0	77	0	0	0	0	0	38	0	0	0	0	0	0	0	0	0	0	31	66	0	0
c5f5f35cd2d36a16af97c3741abb0ff2	62	43	0	0	0	0	0	0	0	0	0	0	0	0	0	0	0	168	0	67	22	0	0	0	0	0	0	0	0	0	0	0	0	0	0	0	0	0	0	0	0	0	0	0	0	0	0	0	0	0	0	14	72	0	45	0	0	0	0	0	0	0	0	0	0	0	0	0	0	0	0	0	0	0	0	0	0	0	0	0	0	0	0	0	0	0	54	0	44	0	0	0	0	0	0	0	0	0	0	0	0	0	0	0	0	0	0	0	0	0	0	0	0	0	0	0	0	0	0
d2e5f354eeb2f54ca2ce16931cd82411	322	151	84	386	80	59	207	179	9	48	297	799	52	39	135	157	63	1214	19	360	357	612	273	724	597	688	567	536	1038	294	775	445	405	272	365	954	404	625	424	909	457	153	187	507	404	104	25	1017	564	306	231	20	1869	16	518	4	8	19	0	0	100	234	0	0	0	0	5	23	3	0	0	0	35	172	0	0	0	55	33	0	0	55	73	0	0	188	864	67	1023	47	54	40	348	37	54	72	2246	11	743	6	101	36	77	183	591	44	770	51	22	14	124	8	55	0	11	288	503	0	0
fccbd0a08752b17f1937ffad5eb9c991	0	12	0	0	14	0	0	10	0	0	0	17	7	0	0	0	0	16	0	0	16	0	0	15	7	34	0	21	17	20	13	0	0	42	44	21	0	41	0	27	0	20	0	8	0	30	0	19	0	154	0	0	0	182	0	79	0	0	0	0	0	0	0	0	0	0	0	0	0	0	0	0	0	0	0	0	0	0	0	0	0	0	0	0	0	0	0	0	0	0	0	0	0	0	0	0	0	0	0	0	0	0	0	0	0	0	0	0	0	0	0	0	0	0	0	0	0	0	0
8f4aad731388bd1804c00960961c3398	70	48	30	9	27	46	62	13	18	20	84	80	32	47	33	86	41	117	0	83	81	175	43	16	4	110	106	54	96	60	132	26	46	76	93	140	57	80	151	71	20	98	72	98	144	51	53	99	76	118	35	0	106	17	20	10	0	0	0	0	0	0	0	0	0	0	0	0	0	0	0	3	0	0	0	0	0	0	0	0	0	0	6	0	0	0	29	0	53	0	0	0	0	0	5	0	0	0	11	0	0	0	0	0	47	0	35	0	0	0	12	0	34	0	0	25	58	0	0
1a777f855b2fc654c75ee3ffa810d77c	0	16	0	0	0	7	9	9	0	0	0	18	16	0	0	5	0	0	0	34	30	29	7	0	0	0	0	17	14	8	15	23	37	25	22	25	13	0	0	17	4	16	0	0	0	0	0	18	0	0	0	0	0	0	130	0	0	0	0	0	0	0	0	0	0	0	0	0	0	0	0	0	0	0	0	0	0	0	0	0	0	0	0	0	0	0	0	0	40	0	0	0	0	0	0	0	0	0	0	0	0	0	0	0	18	0	0	0	0	0	0	0	0	0	0	7	7	0	0
29c85314f6a8b10f330946a14aa88a77	0	0	0	0	0	0	0	0	0	0	0	157	0	0	0	0	0	0	0	13	0	0	0	0	0	0	0	0	0	0	0	0	0	0	0	65	87	0	12	0	0	0	0	99	77	65	47	0	0	328	169	0	0	0	0	0	0	0	0	0	0	0	0	0	0	0	0	0	0	0	0	0	0	0	0	0	0	0	0	0	0	0	62	0	0	0	0	0	0	0	0	0	0	0	0	0	0	0	0	0	0	0	0	3	0	0	0	0	0	0	0	0	0	0	0	0	0	0	0
6403c1db14026605cff139bec52eff58	0	6	0	0	0	0	0	0	48	101	0	495	0	116	10	10	89	13	0	0	0	0	0	0	0	34	0	18	0	10	0	0	0	65	131	161	218	81	0	36	0	14	0	244	211	208	138	28	0	920	460	0	0	0	0	0	0	0	0	0	0	0	0	0	0	0	0	0	0	0	0	0	0	0	0	0	0	0	0	0	0	0	0	22	0	0	0	0	0	0	0	0	0	0	0	0	0	0	0	0	0	0	0	0	182	0	0	0	0	0	0	0	161	0	0	0	0	0	0
b74580acabea981759348d8fd78a6f33	0	0	0	0	0	0	0	31	0	14	39	41	0	0	28	12	0	0	0	0	0	0	0	0	0	0	0	0	0	0	0	23	23	27	20	35	12	21	18	33	0	15	0	62	31	0	0	29	0	44	0	0	0	0	0	0	0	0	0	0	0	0	0	0	0	0	0	0	0	0	0	0	0	0	0	0	0	8	0	0	0	0	30	0	0	0	0	0	0	0	0	0	0	0	0	0	0	0	0	0	0	0	0	0	31	0	130	0	0	0	0	0	52	0	0	0	0	0	0
c7b71bc88cd2b96d649961540cb59172	29	37	0	9	11	12	22	12	13	32	28	194	15	19	8	83	30	117	5	53	103	137	39	51	50	57	57	84	115	87	160	67	74	32	80	39	101	28	78	121	105	53	57	62	129	95	126	18	54	130	183	2	165	23	24	0	0	0	0	0	0	6	0	0	0	2	0	0	0	0	0	0	0	0	0	0	7	10	0	0	0	0	0	0	0	0	34	0	84	4	0	0	5	0	8	4	144	0	62	0	0	5	6	5	75	3	53	0	8	0	42	0	24	0	0	38	120	0	0
20b31eacb86019dae06057bafec47d84	83	0	0	35	0	15	15	0	25	22	26	74	29	26	25	42	6	87	0	9	0	5	0	60	49	0	0	49	52	31	57	0	0	94	87	65	26	63	57	72	9	47	34	57	67	28	18	60	26	75	17	8	68	0	0	0	0	0	0	0	0	0	0	0	0	0	0	0	0	0	0	0	0	158	0	0	0	0	0	0	0	0	0	0	0	0	31	0	0	0	0	0	0	0	0	0	0	0	0	0	0	6	0	0	27	0	0	5	0	0	0	0	21	0	0	12	25	0	0
4bfd00821c8f0e7c1b1e774c00497da4	149	15	3	0	0	0	14	17	0	7	23	0	13	0	0	0	11	139	0	32	32	58	14	0	0	0	0	0	0	20	59	48	46	0	0	78	38	43	30	0	0	20	19	0	0	0	0	0	0	24	0	0	140	0	94	37	0	0	0	0	0	0	0	0	0	0	0	0	0	0	0	55	0	0	0	0	0	0	0	0	0	0	0	0	0	0	79	0	84	0	0	0	0	0	0	0	0	0	9	0	0	0	0	0	0	0	84	0	0	0	10	0	0	0	0	0	0	0	0
0685f0b0a740e567d2645372418fd452	0	35	8	0	0	17	21	44	10	29	47	46	49	0	25	35	18	0	0	58	65	53	0	0	0	37	28	53	70	26	68	60	105	69	86	127	82	78	58	82	18	38	36	87	109	42	39	90	41	127	32	0	0	0	97	0	0	0	0	0	0	0	0	0	0	0	0	0	0	0	0	0	0	0	0	0	0	16	0	0	0	0	0	0	0	0	0	0	147	0	8	0	0	0	0	0	0	0	12	0	0	0	0	0	0	0	228	0	0	0	0	0	67	0	0	48	90	0	0
0f57e5cd129f15bf00e16ac6db16d435	57	60	0	0	40	0	0	0	0	0	0	51	0	24	54	0	0	57	0	0	0	0	0	0	58	44	69	0	0	0	0	0	74	0	0	0	0	0	0	39	0	0	0	0	72	65	45	0	0	0	0	0	94	0	127	0	0	0	0	0	0	0	0	0	0	0	0	0	0	0	0	0	0	0	0	3	0	30	0	0	0	11	0	0	0	0	16	0	0	0	16	0	0	0	0	0	0	0	0	0	0	0	0	0	0	0	92	0	0	0	0	0	35	0	0	97	117	0	0
12e7b6fa672f5f00526b522d94498493	131	9	7	203	26	108	160	63	4	3	40	157	22	3	11	12	6	219	0	42	30	34	15	136	131	108	103	246	286	132	345	157	216	93	49	88	36	52	24	259	54	54	51	15	5	21	12	59	16	88	16	3	216	0	63	0	0	11	0	0	40	325	0	192	0	24	20	0	0	0	0	0	0	88	0	0	0	0	69	0	0	0	0	0	0	5	72	4	66	16	5	0	6	100	32	313	445	19	50	25	0	6	7	0	37	0	370	56	41	27	83	0	3	0	4	10	20	0	0
38ee4838cc2e78ad8a4aef7643045f3b	0	0	0	0	0	0	0	0	0	0	0	0	0	26	0	0	0	0	0	0	0	0	0	0	0	0	0	0	0	0	0	0	0	0	0	0	0	0	0	0	0	0	0	0	0	0	0	0	0	0	0	0	0	0	0	0	0	0	0	0	0	0	0	0	0	0	0	0	0	0	0	0	0	0	0	0	0	0	0	0	0	0	0	0	0	0	0	0	0	0	0	0	0	0	0	0	0	0	0	0	0	0	0	0	43	0	97	0	0	0	0	0	0	0	0	0	0	0	0
420db5e671e7a5bf06cca86b500675ed	0	0	0	0	0	0	0	0	0	0	0	0	0	0	0	0	0	0	0	0	0	0	0	0	0	0	0	72	0	0	92	0	0	0	75	0	39	41	0	0	0	0	0	0	0	0	0	0	0	0	0	0	0	0	0	0	0	0	0	0	0	0	0	0	0	0	0	0	0	0	0	0	35	0	0	0	0	0	0	0	0	0	0	0	0	0	0	0	0	0	0	0	0	0	0	0	0	0	0	0	0	0	0	0	0	0	0	0	0	0	0	0	0	0	0	0	0	0	0
6a056796e24637c5bf9f73cb8c175dcc	105	28	18	75	31	46	58	19	8	14	56	36	22	10	6	65	14	166	0	69	61	129	40	190	98	91	92	121	130	51	99	57	80	46	58	59	20	73	73	69	11	30	13	44	55	28	28	123	37	105	19	0	207	9	31	44	0	0	26	8	0	0	0	0	0	0	0	0	0	0	0	0	0	0	0	0	0	0	0	0	0	0	0	0	0	0	50	0	61	0	5	0	0	0	14	0	38	0	14	0	0	0	0	0	32	0	223	0	0	0	0	0	28	0	0	44	87	0	0
868687678319326a09302803e10ce390	0	0	0	0	0	0	0	0	0	19	60	34	30	0	0	33	9	0	0	0	0	0	0	0	0	0	0	0	0	0	0	0	0	0	0	57	58	49	70	55	0	41	42	0	0	0	0	46	20	63	17	0	0	0	0	0	0	0	0	0	0	0	0	0	0	0	0	0	0	0	0	0	0	0	0	0	0	0	0	0	0	0	8	0	0	0	0	0	0	0	0	0	0	0	0	0	0	0	0	0	0	0	0	0	0	0	0	0	0	0	20	0	0	0	0	0	50	0	0
9f9ca1bb6240d0064c9e17db97e0063f	0	132	143	6	14	0	6	0	22	41	223	144	57	56	265	117	52	19	0	320	261	385	75	14	6	92	51	30	14	8	12	6	0	286	273	833	345	357	279	257	47	168	156	283	331	146	217	411	162	424	138	0	0	148	402	213	8	0	0	0	0	0	0	0	0	0	0	5	2	0	0	3	0	6	0	0	0	59	0	36	0	8	0	0	0	0	14	26	489	208	66	0	0	51	10	0	11	0	0	0	0	7	10	0	233	8	4	50	36	75	56	0	185	5	0	101	210	0	0
a958c48096d8b0378444c48c1f214e09	66	0	0	0	0	44	80	21	20	36	67	0	52	0	0	45	40	44	0	80	98	72	24	59	0	51	0	121	141	85	118	0	0	143	125	119	96	56	101	40	0	121	92	52	0	0	0	61	42	130	23	0	0	0	0	0	0	0	0	0	0	8	0	0	0	0	0	0	0	0	0	0	0	11	0	0	0	0	0	0	0	0	0	0	0	0	20	0	64	0	0	0	0	0	0	0	100	0	43	0	0	13	6	11	128	0	101	0	0	14	12	0	21	0	0	0	97	0	0
ca15d68959d9a2529ccff389f6ea8ab2	0	0	0	0	0	0	0	0	0	0	0	0	0	0	0	0	0	0	0	0	0	0	0	0	0	0	0	0	0	0	9	0	0	0	0	0	0	0	0	0	0	0	0	0	0	0	0	0	0	0	0	0	0	0	0	0	0	0	0	0	0	0	0	0	0	0	0	0	0	0	0	0	0	0	0	0	0	0	0	0	0	0	0	0	0	0	0	0	20	0	0	0	0	0	0	0	0	0	0	0	0	0	0	0	0	0	0	0	0	0	0	0	0	0	0	0	0	0	0
ca98ce2e8b4987a335f5db5bc56aadb3	51	25	13	0	19	0	0	0	0	0	0	35	0	0	40	34	0	74	0	53	26	39	0	0	45	38	36	0	0	0	0	34	30	0	0	0	0	0	0	63	0	0	0	38	30	52	39	48	0	79	25	0	77	41	15	37	0	0	0	0	0	0	20	0	0	7	0	0	0	0	0	0	0	0	17	0	0	0	0	0	0	0	0	0	0	0	28	0	184	0	0	5	0	0	12	0	0	0	0	0	0	0	0	0	0	0	142	0	0	0	0	0	77	0	0	50	67	0	0
dff6c70b92c096b3d47c5165a6a1dccc	59	0	0	18	0	0	0	0	0	0	0	30	0	0	0	31	0	54	0	31	0	30	0	0	0	71	0	0	0	0	0	0	0	0	0	0	0	0	0	43	37	0	0	26	0	0	34	33	27	45	0	0	47	22	43	0	0	9	0	0	0	0	0	0	0	0	54	0	0	0	0	0	0	0	0	0	100	0	0	0	0	0	0	0	0	0	27	0	0	0	0	0	0	0	0	0	0	0	0	0	0	0	0	0	0	0	82	0	9	0	0	0	0	0	0	0	0	0	0
fba2b8daf57ec44a11e725314c993322	176	111	62	116	48	85	291	53	103	102	290	155	176	31	79	114	81	411	0	301	336	330	41	151	163	269	214	372	412	357	791	172	214	175	622	165	228	138	278	141	41	388	323	93	122	132	106	76	91	545	110	0	222	24	324	50	2	0	0	18	0	34	0	2	0	2	13	0	0	0	0	0	0	7	0	0	0	34	0	0	0	0	77	0	0	3	124	20	301	8	21	0	4	16	12	11	143	0	58	0	0	21	12	4	383	0	228	7	0	10	69	0	31	0	0	51	132	0	0
10dd7b5f83403770586a7228dcad038f	0	81	18	6	0	159	148	0	43	36	53	155	74	70	149	99	35	52	0	203	216	324	33	25	15	65	9	477	458	157	495	64	82	242	301	131	120	70	86	213	54	162	122	220	174	172	165	209	171	252	44	0	0	11	204	44	0	0	25	0	149	23	0	0	0	0	15	14	0	0	0	0	0	65	0	0	0	38	0	0	0	0	0	0	0	0	5	33	338	0	24	0	0	0	0	0	256	10	62	0	0	6	8	0	172	0	137	9	15	12	38	0	210	7	0	128	266	0	0
297fbbd26de94f3bd098dae8bbb720d7	49	12	8	0	9	16	25	8	5	0	20	16	9	0	22	13	5	79	0	38	42	32	12	8	0	42	57	43	54	9	38	18	17	57	34	46	21	52	53	23	10	36	21	32	28	25	18	73	26	57	11	0	76	0	91	0	0	0	0	0	0	0	0	0	0	0	26	0	0	0	0	11	0	0	0	0	0	0	0	0	0	0	0	0	0	0	40	0	100	0	0	0	0	0	0	0	36	0	0	0	0	0	0	0	32	0	19	0	0	0	0	0	33	0	0	21	38	0	0
beda9dac3b1bf7cafc47cf8c82773a83	107	25	13	185	13	23	102	11	0	13	60	126	7	15	23	17	13	578	6	381	3361	511	1552	416	4776	753	4429	294	4309	413	3936	231	1340	681	3357	1247	2615	808	2744	785	1411	278	4089	273	917	215	1977	807	3131	326	896	13	4892	27	563	0	11	9	0	16	7	20	113	7	4	21	40	0	5	0	5	6	49	11	0	0	3	0	0	4	0	15	207	2	24	9	242	9	899	10	17	8	372	12	0	9	497	3	597	3	6	15	260	63	439	0	199	14	23	12	41	0	118	0	7	53	182	7	0
5b545bfc53fcaa8c931b38ca639b8723	8	0	0	6	4	29	12	0	0	0	0	0	3	0	0	4	5	19	0	0	0	0	0	0	0	4	0	28	40	8	30	0	0	4	0	25	9	6	0	2	0	5	0	19	9	5	8	19	5	9	3	0	6	0	0	0	0	5	0	0	0	0	0	0	0	0	0	0	0	0	0	0	0	0	0	0	0	0	0	0	0	0	0	3	0	0	7	0	0	0	0	0	0	0	0	4	10	0	0	0	0	0	0	0	0	0	0	0	0	0	0	0	0	0	0	0	8	0	0
5292c821cfe1acf95776f9c23c584867	67	67	12	42	25	69	39	20	15	0	85	118	41	30	35	96	39	130	0	92	59	128	22	61	67	67	58	82	101	61	96	86	78	37	61	8	0	19	74	109	27	53	80	58	78	43	60	31	63	83	29	0	80	0	33	0	0	0	0	0	0	0	0	0	0	0	0	0	0	0	0	0	0	0	0	0	15	0	0	0	0	0	7	0	0	0	66	0	35	0	0	0	0	0	0	0	7	0	16	0	0	0	2	0	21	0	117	0	0	0	0	0	11	0	0	35	44	0	0
09f07b432611ac2f66e8a2ae91ef4a05	50	0	0	21	0	0	0	0	0	0	26	0	0	0	17	17	0	46	0	37	32	39	0	33	23	28	25	53	34	40	69	32	26	47	32	0	0	27	34	0	0	0	0	38	27	0	0	34	0	58	0	0	36	0	20	0	0	0	0	0	0	0	0	0	0	0	0	0	0	0	0	0	0	0	0	0	0	0	0	0	0	0	0	0	0	0	0	0	42	0	0	0	0	0	0	0	0	0	0	0	0	0	0	0	0	0	26	0	0	0	0	0	0	0	0	0	0	0	0
b529b759386d6c6ec7fc790ed5455482	33	0	0	21	0	13	0	0	0	10	0	16	17	5	16	14	0	40	0	20	8	13	0	34	29	12	0	47	46	18	21	5	7	18	17	42	31	9	0	20	0	24	28	20	0	5	0	23	20	25	0	0	24	0	0	0	0	0	0	0	0	6	0	0	0	0	0	0	0	0	0	0	0	0	0	0	0	0	0	0	0	0	0	0	0	0	20	0	0	0	0	0	0	0	0	2	0	0	0	0	0	0	0	0	27	0	0	0	0	0	13	0	0	0	0	0	33	0	0
e614dc4a4a2cc846e7c4c8a374523ca4	45	35	0	47	0	25	23	0	0	20	22	44	7	10	21	52	12	77	0	44	25	0	11	46	25	27	31	56	46	27	52	32	21	39	29	72	39	38	39	41	12	26	38	57	33	18	16	54	35	56	5	0	61	0	4	0	0	0	0	0	0	0	0	0	0	0	0	0	0	0	0	0	0	0	0	0	0	0	0	0	0	0	9	0	0	0	23	0	41	0	0	0	0	0	0	0	0	0	0	0	0	0	0	0	43	0	18	0	0	0	0	0	7	0	0	20	29	0	0
f2f9e78c08c77f67d6742362a6613f99	23	0	9	0	0	0	0	0	0	0	25	0	0	0	0	0	0	36	0	22	20	35	0	0	0	0	0	15	23	0	0	0	0	0	14	0	0	0	21	0	0	0	0	0	14	16	15	0	16	0	0	0	19	0	0	0	0	0	0	0	0	0	0	0	0	0	0	0	0	0	0	0	0	0	0	0	0	0	0	0	0	0	0	0	0	0	0	0	0	0	0	0	0	0	0	0	0	0	0	0	0	0	0	0	0	0	0	0	0	0	0	0	0	0	0	0	0	0	0
89b3dca141878c72b49966cdbbe62d31	167	86	26	124	19	68	52	0	41	46	56	77	51	31	54	49	49	245	0	166	118	151	31	209	139	109	99	158	103	80	115	91	69	190	143	96	76	62	63	75	38	91	87	73	49	38	42	109	69	198	47	0	131	0	16	79	2	0	0	0	0	0	0	0	0	0	33	0	0	0	0	0	0	0	0	0	0	0	0	0	0	0	46	0	0	0	73	0	54	0	0	0	0	0	12	0	49	0	11	0	0	0	0	0	76	0	90	0	0	0	17	0	25	0	0	36	62	3	0
8e53b0a0a0caf26211ef9cf398046a1e	145	89	23	38	37	75	58	30	32	84	162	182	48	96	193	179	52	187	0	143	155	194	37	112	54	167	161	195	180	135	221	122	114	168	163	136	86	157	203	257	60	139	103	342	302	139	155	299	210	189	42	0	95	37	71	0	0	0	25	0	0	16	0	0	0	3	38	11	0	10	0	0	0	0	0	0	27	21	0	0	18	0	0	0	0	0	10	0	131	0	21	0	0	0	0	0	46	0	11	0	0	13	0	0	133	0	105	0	0	0	101	0	105	3	0	88	185	0	0
b6a32368dd0383895365123a947ade68	7	0	17	0	21	52	18	16	10	0	16	0	17	0	0	40	22	41	0	5	0	38	8	0	0	13	0	31	29	20	44	30	23	30	13	0	0	31	23	0	0	21	14	0	0	7	7	79	27	39	0	0	18	0	0	9	0	0	0	0	0	0	0	0	0	0	49	0	0	0	0	6	0	0	0	0	0	0	0	0	0	0	0	0	0	0	0	0	0	0	0	0	0	0	0	0	0	0	0	0	0	0	2	0	0	0	23	0	0	0	9	0	0	0	0	9	23	0	0
a05be164f339e5ddfb384d253819ef3c	112	60	31	80	15	42	40	41	15	18	86	101	22	24	73	69	27	96	0	92	75	102	18	82	57	110	106	100	120	51	105	88	112	84	76	121	51	89	93	108	25	76	73	93	87	48	58	167	92	173	30	16	67	70	8	31	0	64	0	5	0	9	0	0	0	4	0	0	0	0	0	5	0	4	0	0	0	12	0	46	0	0	0	0	0	0	29	0	23	10	10	0	0	10	5	5	110	0	12	3	0	0	0	0	45	0	176	0	12	2	41	0	43	0	0	54	102	0	0
902505fbe59b6bec849d4f533229fe08	56	34	0	68	27	18	41	0	25	0	0	0	28	0	0	0	0	89	0	37	60	33	0	102	74	49	46	89	92	87	167	0	0	74	102	47	32	0	0	0	0	60	81	0	0	0	0	0	0	51	0	0	33	0	30	0	0	0	0	0	0	0	0	0	0	0	0	0	0	0	0	0	0	0	0	0	0	0	0	0	0	0	0	0	0	0	0	0	20	0	0	0	0	0	0	0	72	0	51	0	0	0	0	0	80	0	0	0	0	0	0	0	0	0	0	0	0	0	0
10ac7f46641443e5a1761723846e18bd	53	175	37	37	26	90	127	98	33	49	124	183	91	50	160	102	55	77	0	258	224	286	45	115	73	82	51	261	213	222	281	444	431	210	194	185	98	175	136	153	48	196	147	183	136	80	108	193	156	279	61	0	21	20	11	0	0	0	0	0	31	0	0	0	0	0	0	0	0	0	0	0	0	0	0	0	0	0	0	0	0	0	18	0	0	0	0	6	274	8	15	0	0	0	8	0	98	0	27	4	0	8	12	0	104	0	561	0	0	5	26	0	57	0	0	77	161	0	0
a6881dc765fad443adc37416dedbf0bd	0	59	13	0	36	75	50	0	37	18	97	171	54	29	41	60	38	46	0	181	71	166	26	6	0	105	114	213	131	103	178	82	69	78	139	75	59	71	98	179	47	176	116	132	136	59	59	60	47	209	33	0	0	46	71	0	0	0	0	0	0	0	0	0	0	0	0	0	0	0	0	0	0	0	0	4	0	7	0	0	0	0	0	0	0	0	0	0	103	0	0	0	0	17	20	0	31	0	14	0	0	0	0	0	67	0	140	6	0	6	10	0	67	0	0	39	80	0	0
d4656607d991fa3cdf75156062d47827	98	18	10	14	9	12	16	15	9	9	0	12	17	12	24	29	9	64	0	32	22	16	0	30	17	38	29	39	30	23	43	39	27	36	37	28	11	12	17	15	0	14	13	49	35	19	18	42	18	68	0	0	58	0	27	0	0	0	0	0	0	0	0	0	0	0	0	0	0	0	0	0	0	0	0	0	0	0	0	0	0	0	0	0	0	0	7	0	17	0	0	0	0	0	0	0	9	0	0	0	0	0	0	0	27	0	78	0	0	0	0	0	11	0	0	17	22	0	0
abf098f2d9f01785ee63ee68ae59fd2b	49	33	0	0	5	0	0	3	0	0	28	42	12	0	18	18	10	123	0	55	55	30	15	0	0	16	11	5	0	0	0	33	53	42	61	8	0	14	42	33	14	34	20	42	38	16	25	55	43	64	25	0	53	0	0	0	0	0	0	0	0	0	0	0	0	0	0	0	0	0	0	0	0	0	0	0	0	0	0	0	0	0	0	0	0	0	13	0	51	0	0	0	0	0	0	0	0	0	0	0	0	0	0	0	12	0	37	0	0	0	0	0	18	0	0	17	33	0	0
776bea930f56237625e5e187e85c9e66	197	57	0	75	29	20	0	0	0	18	39	35	15	18	74	41	22	162	0	137	158	135	21	429	156	107	86	62	97	20	85	137	110	60	124	48	29	37	35	38	13	60	64	46	43	14	26	51	53	93	18	4	81	26	113	0	8	15	0	0	0	0	0	0	0	0	0	0	0	0	0	0	0	0	0	0	0	0	0	13	0	0	24	0	0	0	31	0	113	10	0	0	4	14	5	0	11	0	0	0	0	0	0	0	20	0	114	0	0	0	0	0	0	0	3	11	16	0	0
8392427dc7cb0389b02b80fb4610565e	0	0	0	0	49	50	11	0	41	0	0	173	11	52	26	53	7	0	0	0	0	0	0	6	0	179	188	170	97	62	68	0	0	52	132	8	0	12	0	196	38	53	37	90	121	68	91	29	57	21	0	0	0	0	0	0	0	0	0	0	0	0	0	0	0	0	0	0	0	0	0	0	0	0	0	0	0	0	0	0	0	0	0	0	0	0	0	0	0	0	0	0	3	0	0	0	173	0	0	0	0	0	0	0	68	0	0	0	0	0	36	0	59	0	0	24	44	0	0
9185110189bb9414257def1c792fcee3	0	14	0	0	0	0	0	0	0	8	0	11	0	0	0	0	0	0	0	30	22	12	0	0	0	20	10	7	0	10	18	0	0	0	14	16	10	6	9	0	0	0	0	11	5	0	0	0	0	16	0	0	0	0	0	0	0	0	0	0	0	0	0	0	0	0	0	0	0	0	0	0	0	0	0	0	0	0	0	0	0	0	0	0	0	0	0	0	63	0	0	0	0	0	9	0	0	0	0	0	0	0	0	0	0	0	0	0	0	0	0	0	0	0	0	15	7	0	0
93f4d64afe2ceae00c5c2406e63bd856	22	12	15	43	8	24	17	19	8	33	81	120	7	31	21	40	6	49	5	34	101	200	27	100	138	38	112	45	30	36	56	159	139	15	274	32	133	45	183	56	50	19	22	42	172	75	94	14	185	40	21	0	48	10	66	0	0	0	0	0	0	0	0	0	0	0	0	0	0	0	0	0	0	0	0	0	0	0	0	0	0	0	0	0	0	0	8	0	54	0	10	0	0	0	0	0	31	0	0	0	0	0	0	0	96	0	185	0	0	0	20	0	51	0	0	46	185	0	0
b833072a1e068efc4eec7e9685db86db	166	229	37	47	73	36	139	47	31	47	107	175	96	61	90	153	100	181	0	330	218	297	38	86	72	273	211	241	188	288	283	811	503	96	257	100	76	69	127	95	17	161	134	129	158	77	84	54	105	598	65	0	95	53	95	0	12	0	0	0	173	0	0	0	0	0	28	0	0	0	64	0	0	0	0	0	0	0	0	0	0	0	0	0	0	5	85	7	209	15	28	0	0	7	15	7	47	0	19	0	0	8	11	0	199	4	1287	0	12	7	78	0	61	0	0	85	145	0	0
df1edc3055b3ce1bc484745e9c49f083	99	71	24	65	24	20	63	9	23	12	56	70	22	41	48	54	29	181	0	141	71	151	19	158	88	95	105	68	46	81	82	100	79	15	76	11	29	14	54	60	0	29	19	38	104	18	23	14	35	63	18	0	142	24	70	0	0	0	0	0	0	0	2	0	0	0	0	0	0	0	0	0	0	0	0	0	0	0	0	0	0	0	9	0	0	0	38	0	56	0	0	0	0	0	0	0	0	0	18	0	0	0	0	0	47	0	152	0	0	0	0	0	97	0	0	26	96	0	0
fefdc37710a30ca2eece28824a5e3910	0	18	0	4	0	15	6	0	0	14	0	16	6	10	0	17	0	7	0	11	12	23	0	8	6	21	18	32	22	19	21	18	8	13	19	17	17	7	0	10	0	15	12	17	16	10	8	14	18	0	0	0	0	0	0	0	0	0	0	0	0	0	0	0	0	0	0	0	0	0	0	0	0	0	0	0	0	0	0	0	0	0	0	0	0	0	0	0	5	0	0	0	0	0	0	0	21	0	0	0	0	0	0	0	0	0	31	0	0	0	17	0	0	0	0	0	17	0	0
96d3ae5d507cb2a655ed8e37a0b6f653	223	113	34	0	40	61	51	48	46	55	111	170	60	56	154	128	59	248	0	225	99	154	29	0	0	151	82	187	114	92	124	188	76	141	126	79	57	72	77	179	28	126	69	163	116	64	55	95	64	226	22	0	98	0	114	59	0	0	0	8	0	0	0	0	0	0	0	0	0	0	0	0	0	0	0	0	0	0	0	13	0	0	36	0	0	0	31	7	54	0	18	0	0	0	0	3	0	0	0	0	0	0	13	0	46	0	161	7	0	0	8	0	72	0	0	38	66	0	0
98afab18d993f8ea6af94e153e3916f6	9	10	0	0	0	10	4	0	0	9	26	39	11	0	0	0	15	28	0	19	20	65	14	20	16	13	0	36	64	15	46	0	0	11	12	64	32	14	21	16	0	25	29	0	0	8	9	5	0	42	45	0	15	0	55	6	0	0	0	0	0	0	0	0	0	0	36	0	0	0	0	0	0	0	0	0	0	0	0	0	0	0	0	0	0	0	0	5	9	0	0	0	4	0	0	0	171	0	22	0	0	0	0	0	64	0	0	0	0	0	37	0	0	0	0	0	0	0	0
eb3fee22a213a8bff127cde1bc0622b6	56	24	14	21	12	12	12	76	10	85	66	260	27	72	75	96	22	108	0	75	111	171	45	36	21	100	53	45	75	48	89	251	354	105	182	600	309	148	111	270	168	94	142	256	243	97	141	181	142	171	145	0	95	48	98	16	0	0	0	0	0	0	0	0	0	0	0	0	0	0	0	0	0	0	0	0	0	0	0	0	0	0	29	0	0	7	24	0	74	0	13	0	0	0	0	3	69	0	32	0	0	12	5	17	139	0	281	0	4	12	53	3	18	0	0	52	139	0	0
7e48b305ebd79779f2e773f3dd400d68	12	359	68	223	57	245	333	124	95	173	309	282	209	92	624	272	117	140	0	836	549	853	136	814	675	259	133	930	591	656	754	698	454	483	550	323	369	228	278	173	41	330	286	380	407	293	365	206	257	554	110	0	0	270	400	682	46	187	6	0	3	128	8	151	91	83	0	4	0	0	9	0	55	5	0	4	0	61	74	62	0	0	17	0	0	0	0	22	365	76	73	0	12	28	7	26	390	9	82	7	6	9	22	4	365	0	578	6	6	25	100	0	125	14	13	137	191	0	0
5a631d72dd9a6199bb4915441887ef1d	368	0	0	33	74	26	0	0	0	28	0	60	0	0	43	34	0	306	20	0	0	0	0	0	0	137	110	0	0	0	0	0	0	0	0	0	0	0	0	59	0	0	0	57	42	0	0	27	0	76	0	76	200	0	0	0	0	0	0	18	0	0	0	0	0	0	0	0	0	0	0	0	72	0	0	0	0	0	0	0	0	0	0	0	0	11	68	0	0	0	0	0	0	60	23	0	14	0	0	0	0	0	0	0	0	0	0	0	0	0	0	0	12	0	0	22	0	0	0
80774e3dbebe257a26fed02a4579e2b4	34	10	4	31	0	10	15	5	5	0	25	45	7	11	21	10	7	67	0	44	167	96	57	39	57	49	149	44	197	26	82	59	112	67	218	162	146	69	113	52	78	39	174	44	73	20	97	83	168	65	53	0	84	22	79	0	0	0	0	0	0	0	0	0	0	0	0	0	0	0	0	0	0	0	0	0	0	0	0	0	0	0	0	0	0	0	24	0	60	0	0	0	0	4	0	4	55	0	8	0	0	0	0	0	27	0	28	0	0	0	15	0	0	0	0	0	14	0	0
9d74a7f408ffedaf803c708e09663a5b	58	37	9	26	10	11	39	20	8	29	165	102	0	33	69	63	43	62	0	53	45	92	12	41	30	46	22	34	23	38	63	45	29	32	45	51	42	99	186	94	18	23	26	87	102	21	35	45	43	192	56	0	33	8	0	0	0	0	0	0	0	12	0	0	0	0	36	0	0	0	0	0	0	0	0	0	0	0	0	0	0	0	0	0	0	0	0	0	43	0	0	0	0	0	0	0	16	0	0	0	0	0	0	0	0	0	63	0	0	0	0	0	31	0	0	25	45	0	0
f4b9dde469fd62deb1abeed6b91eafa1	437	22	0	37	0	0	34	37	0	0	0	57	18	29	0	34	37	337	0	40	26	43	9	58	50	146	141	37	34	18	62	51	36	0	0	47	25	0	0	76	32	26	23	57	54	37	19	25	29	70	27	0	237	36	0	49	7	0	0	0	0	0	0	0	0	0	0	0	0	0	0	0	0	0	0	0	0	0	0	0	0	0	0	0	0	0	75	0	59	0	8	0	0	0	0	0	0	0	0	0	0	0	0	0	0	0	60	0	0	0	0	0	0	0	0	0	23	0	0
9a8592fe7c52b0cb2610c86f5a365eb0	20	0	0	0	0	0	0	0	0	0	8	9	4	3	6	12	3	47	0	2	0	0	0	4	0	0	0	0	0	0	0	3	0	0	0	5	5	3	11	0	0	6	0	10	9	8	12	7	14	12	6	0	22	0	0	0	0	0	0	0	0	0	0	0	0	0	0	0	0	0	0	0	0	0	0	0	0	0	0	0	0	0	0	0	0	0	33	0	0	0	0	0	0	0	0	0	0	0	0	0	0	0	0	0	0	0	7	0	0	0	0	0	0	0	0	20	16	0	0
15c4384c3a176efe6eac7bf5c44d45b8	56	0	0	0	0	0	0	0	0	22	0	45	0	0	0	0	0	85	0	0	0	0	0	0	0	0	0	0	0	0	0	0	0	0	0	0	0	29	0	57	0	0	0	0	0	0	0	0	0	0	0	0	0	0	0	0	0	0	0	0	0	0	0	0	0	0	0	23	0	0	0	0	0	0	0	0	0	0	0	0	0	0	0	0	0	0	6	0	36	0	0	0	0	0	0	0	0	0	0	0	0	8	0	0	0	0	69	0	0	0	19	0	0	0	0	0	0	0	0
84c2b2a5c162438f7c3a10816b208fba	0	0	0	0	0	4	0	0	0	0	0	0	0	0	0	0	0	0	0	0	0	0	0	0	0	0	0	9	6	0	0	0	0	0	0	0	0	0	0	0	0	0	0	0	0	3	0	0	0	0	0	0	0	0	0	0	0	0	0	0	0	0	0	0	0	0	0	0	0	0	0	0	0	0	0	0	0	0	0	0	0	0	0	0	0	0	0	0	0	0	0	0	0	0	0	0	0	0	0	0	0	0	0	0	0	0	0	0	0	0	0	0	0	0	0	0	0	0	0
943e10e716002ca836f9f5e3278a6621	0	23	4	0	0	20	28	11	10	0	82	72	17	20	41	49	27	106	0	83	103	116	25	6	0	46	38	74	88	53	94	66	50	51	91	77	66	0	52	0	14	54	48	62	64	59	60	58	51	125	35	0	84	23	44	0	0	0	0	0	0	0	0	0	0	0	0	0	0	0	0	0	0	0	0	0	0	0	0	0	0	6	0	0	0	0	0	0	0	0	0	0	0	0	0	0	62	0	7	0	0	0	0	0	112	0	0	0	0	0	0	0	38	0	0	57	46	0	0
50fadc1d0d8871fc2aa411188e84e269	0	5	3	0	0	10	0	0	7	0	0	0	0	0	0	12	5	0	0	0	0	4	0	0	0	4	0	9	9	0	7	0	0	8	8	0	0	0	0	7	0	5	4	10	7	5	0	23	5	0	0	0	5	0	0	0	0	0	0	0	0	0	0	0	0	0	0	0	0	0	0	0	0	0	0	0	0	0	0	0	0	0	0	0	0	0	0	0	12	0	0	0	0	0	0	0	0	0	0	0	0	0	0	0	0	0	0	0	0	0	0	0	0	0	0	7	4	0	0
a9128753dca35bb629f1fa84a6f8f064	34	22	7	13	7	12	22	15	0	6	36	28	12	10	18	29	15	53	0	40	21	30	6	11	19	39	37	23	38	19	70	27	31	50	25	108	35	47	66	51	12	22	20	42	37	9	32	93	47	85	19	0	42	12	0	0	0	0	0	3	0	0	0	0	0	0	0	14	0	0	0	16	0	0	0	2	0	0	0	100	0	0	0	0	0	0	0	0	18	0	7	0	0	0	0	5	0	0	0	0	0	0	4	0	25	0	89	0	0	0	21	0	0	2	0	41	101	0	0
207aeb727b65721b4e6437c671e960c5	37	0	0	0	2	0	7	14	0	6	15	13	5	0	9	13	4	42	0	0	0	0	0	0	0	17	16	29	22	11	25	38	15	38	30	25	15	43	16	15	7	18	11	15	9	9	4	66	19	31	9	0	21	0	0	0	0	0	0	0	0	10	0	0	0	0	0	0	0	0	0	0	0	0	0	0	0	5	0	0	0	0	0	0	0	0	0	0	0	0	0	0	0	2	0	6	2	0	0	0	0	2	0	0	16	0	14	0	0	0	6	0	2	0	0	5	9	0	0
28c485658f2b55b80831a82657297cf2	0	0	0	9	0	0	0	3	0	0	0	0	4	0	5	0	0	0	0	0	0	0	0	18	10	7	11	0	7	0	7	6	11	0	0	9	7	0	0	0	0	0	2	0	0	0	3	0	0	0	0	0	0	0	0	0	0	10	11	0	0	0	0	0	0	6	0	0	0	0	0	0	0	0	0	0	19	0	0	0	0	0	0	0	0	0	0	0	0	0	0	0	0	0	0	0	0	0	0	0	0	0	0	0	0	0	22	0	0	0	4	0	0	0	0	0	0	0	0
548ecb0e165845e82e5ff17d050369e2	7	4	8	0	9	20	10	18	0	10	7	9	7	8	4	16	7	6	0	5	0	10	0	0	2	12	12	13	9	13	10	11	11	3	0	22	9	12	10	12	6	5	0	4	12	7	0	24	9	29	3	0	0	3	16	0	0	0	0	0	0	0	0	0	0	4	0	0	0	0	0	0	0	0	0	0	0	0	0	0	0	0	0	0	0	0	0	0	0	0	0	0	0	0	0	0	0	0	0	0	0	0	0	0	0	0	10	0	0	0	0	0	0	0	0	0	0	0	0
cafec65c803c8f0b7e11bdc1d7d5b482	57	27	29	18	4	21	32	31	7	7	69	73	25	8	47	34	14	59	0	79	51	92	6	35	24	40	32	80	72	57	78	62	72	87	73	147	69	83	50	116	20	62	49	71	54	33	55	123	41	98	26	5	33	63	37	7	0	4	0	0	0	13	0	0	0	0	0	0	0	0	0	0	90	0	0	5	0	6	92	0	0	0	20	0	0	0	0	0	63	3	0	0	0	8	4	0	43	0	9	0	0	2	0	0	24	0	84	4	6	2	11	0	48	0	0	13	38	0	0
1caf8b7ccb50032f2d7649c090f376c2	0	0	0	0	0	0	0	0	0	0	0	0	0	0	0	0	0	0	0	0	0	0	0	0	0	0	0	0	0	0	0	0	0	0	0	0	0	0	0	0	0	0	0	0	0	0	0	9	0	0	0	0	0	0	0	0	0	0	0	0	0	0	0	0	40	0	0	0	0	0	0	0	0	0	0	0	0	0	0	0	0	0	0	0	0	0	0	0	0	0	0	0	0	0	0	0	0	0	0	0	0	0	0	0	0	0	0	0	0	0	0	0	0	0	0	0	0	0	0
4af742c077ce95f2669a20d8ca55e226	0	0	0	3	0	0	0	0	0	0	4	5	0	0	5	0	0	6	0	0	0	7	0	0	7	29	8	0	0	0	6	0	8	0	3	10	0	7	12	12	0	0	0	0	6	15	3	0	10	43	0	0	8	14	39	0	118	0	7	0	20	0	7	12	256	29	0	9	19	14	18	11	13	15	14	11	91	0	14	0	0	24	12	0	5	4	8	14	44	9	17	11	11	14	7	0	26	0	0	8	9	7	23	8	33	7	21	11	19	7	32	4	14	0	29	9	11	3	40
a3b5cd84bfb6f92499767960d058bef1	0	0	0	4	0	0	0	0	0	0	0	4	0	0	0	0	5	0	0	14	8	0	6	5	0	26	7	15	11	0	5	0	8	8	0	0	8	5	0	11	0	7	0	5	6	15	0	11	0	53	4	0	0	25	67	12	120	0	8	0	21	9	7	11	329	46	0	11	27	19	32	0	13	18	13	13	29	11	15	10	16	15	14	7	0	7	66	27	48	18	38	0	34	12	15	5	29	7	13	6	13	6	41	15	33	7	18	15	30	8	28	0	15	18	35	13	17	0	25
177babd43f56c819cf2041c3c0db9749	0	0	0	0	0	0	0	0	0	0	0	0	0	0	0	0	0	0	0	0	0	0	0	0	6	17	0	0	7	0	0	0	0	0	0	3	0	0	0	6	0	0	0	0	0	6	0	0	3	15	0	5	0	10	18	0	44	0	0	0	13	0	0	4	85	11	0	0	10	7	16	0	10	0	4	0	8	3	6	5	0	7	4	0	0	0	0	0	16	0	10	0	0	0	9	0	8	0	0	0	8	0	15	0	10	5	7	13	6	5	12	0	0	0	6	5	8	0	14
